SILSO
Version: v2
Created: 03-Nov-2024
JD        Value 
2443825.5 117.100000
2443856.5 134.600000
2443886.5 99.700000
2443917.5 82.400000
2443948.5 195.700000
2443978.5 177.100000
2444009.5 138.500000
2444039.5 173.900000
2444070.5 235.900000
2444101.5 194.700000
2444129.5 195.300000
2444160.5 143.700000
2444190.5 190.300000
2444221.5 211.700000
2444251.5 225.700000
2444282.5 201.400000
2444313.5 266.900000
2444343.5 263.600000
2444374.5 259.500000
2444404.5 249.600000
2444436.5 226.100000
2444467.5 219.400000
2444496.5 178.700000
2444527.5 232.200000
2444557.5 254.700000
2444588.5 222.700000
2444618.5 192.900000
2444649.5 191.700000
2444680.5 219.600000
2444710.5 233.300000
2444741.5 209.500000
2444771.5 246.900000
2444802.5 156.600000
2444833.5 189.900000
2444861.5 196.600000
2444892.5 225.300000
2444922.5 194.700000
2444953.5 131.600000
2444983.5 205.300000
2445014.5 242.500000
2445045.5 245.300000
2445075.5 216.200000
2445106.5 186.000000
2445136.5 195.400000
2445167.5 149.800000
2445198.5 230.900000
2445226.5 221.100000
2445257.5 170.300000
2445287.5 119.300000
2445318.5 163.700000
2445348.5 139.400000
2445379.5 161.900000
2445410.5 167.400000
2445440.5 134.300000
2445471.5 127.500000
2445501.5 169.000000
2445532.5 115.500000
2445563.5 73.100000
2445591.5 88.700000
2445622.5 109.600000
2445652.5 132.500000
2445683.5 131.500000
2445713.5 108.900000
2445744.5 96.000000
2445775.5 69.900000
2445805.5 72.500000
2445836.5 45.700000
2445866.5 45.600000
2445897.5 74.800000
2445928.5 110.200000
2445957.5 116.700000
2445988.5 90.400000
2446018.5 96.900000
2446049.5 65.100000
2446079.5 55.700000
2446110.5 35.000000
2446141.5 22.600000
2446171.5 12.600000
2446202.5 26.500000
2446232.5 21.400000
2446263.5 17.800000
2446294.5 20.700000
2446322.5 16.900000
2446353.5 20.400000
2446383.5 32.400000
2446414.5 28.300000
2446444.5 39.900000
2446475.5 10.100000
2446506.5 4.300000
2446536.5 22.000000
2446567.5 17.900000
2446597.5 15.800000
2446628.5 2.800000
2446659.5 27.900000
2446687.5 13.800000
2446718.5 22.400000
2446748.5 16.100000
2446779.5 0.600000
2446809.5 18.100000
2446840.5 9.900000
2446871.5 5.100000
2446901.5 40.100000
2446932.5 15.400000
2446962.5 5.800000
2446993.5 9.800000
2447024.5 3.400000
2447052.5 17.400000
2447083.5 46.000000
2447113.5 39.100000
2447144.5 18.800000
2447174.5 38.200000
2447205.5 47.900000
2447236.5 42.200000
2447266.5 63.400000
2447297.5 48.800000
2447327.5 29.100000
2447358.5 70.500000
2447389.5 45.400000
2447418.5 91.200000
2447449.5 108.800000
2447479.5 74.200000
2447510.5 124.300000
2447540.5 131.400000
2447571.5 139.400000
2447602.5 142.700000
2447632.5 156.500000
2447663.5 156.800000
2447693.5 231.200000
2447724.5 210.100000
2447755.5 208.700000
2447783.5 170.400000
2447814.5 166.300000
2447844.5 195.400000
2447875.5 284.500000
2447905.5 180.500000
2447936.5 232.000000
2447967.5 225.100000
2447997.5 212.200000
2448028.5 238.200000
2448058.5 211.400000
2448090.5 227.400000
2448121.5 171.800000
2448149.5 191.700000
2448180.5 189.700000
2448210.5 175.200000
2448241.5 153.300000
2448271.5 191.100000
2448302.5 252.100000
2448333.5 169.100000
2448363.5 199.400000
2448394.5 178.800000
2448424.5 197.100000
2448455.5 195.300000
2448486.5 240.300000
2448514.5 197.000000
2448545.5 197.600000
2448575.5 166.900000
2448606.5 224.700000
2448636.5 240.200000
2448667.5 240.800000
2448698.5 168.900000
2448728.5 197.100000
2448759.5 159.500000
2448789.5 212.600000
2448820.5 198.300000
2448851.5 230.700000
2448880.5 151.000000
2448911.5 142.200000
2448941.5 94.300000
2448972.5 98.500000
2449002.5 114.200000
2449033.5 91.900000
2449064.5 94.000000
2449094.5 133.400000
2449125.5 129.600000
2449155.5 122.000000
2449186.5 81.400000
2449217.5 127.800000
2449245.5 102.400000
2449276.5 94.400000
2449306.5 78.800000
2449337.5 69.600000
2449367.5 80.400000
2449398.5 62.500000
2449429.5 31.200000
2449459.5 71.100000
2449490.5 48.200000
2449520.5 68.400000
2449551.5 84.900000
2449582.5 54.900000
2449610.5 47.500000
2449641.5 27.400000
2449671.5 29.800000
2449702.5 39.700000
2449732.5 50.600000
2449763.5 34.300000
2449794.5 40.500000
2449824.5 67.100000
2449855.5 29.500000
2449885.5 32.200000
2449916.5 32.600000
2449947.5 45.800000
2449975.5 46.300000
2450006.5 21.600000
2450036.5 19.400000
2450067.5 22.500000
2450097.5 20.400000
2450128.5 18.200000
2450159.5 15.700000
2450189.5 30.600000
2450220.5 14.000000
2450250.5 14.900000
2450281.5 13.300000
2450312.5 7.700000
2450341.5 12.600000
2450372.5 6.800000
2450402.5 7.600000
2450433.5 16.500000
2450463.5 11.800000
2450494.5 19.700000
2450525.5 3.000000
2450555.5 0.700000
2450586.5 24.900000
2450616.5 14.000000
2450647.5 7.400000
2450678.5 11.000000
2450706.5 12.100000
2450737.5 23.000000
2450767.5 25.400000
2450798.5 20.800000
2450828.5 12.900000
2450859.5 35.700000
2450890.5 59.700000
2450920.5 32.800000
2450951.5 50.400000
2450981.5 55.500000
2451012.5 44.500000
2451043.5 50.200000
2451071.5 82.000000
2451102.5 70.600000
2451132.5 74.000000
2451163.5 90.500000
2451193.5 96.700000
2451224.5 121.100000
2451255.5 132.000000
2451285.5 78.500000
2451316.5 97.300000
2451346.5 119.200000
2451377.5 86.000000
2451408.5 98.000000
2451436.5 103.500000
2451467.5 93.600000
2451497.5 149.600000
2451528.5 207.200000
2451558.5 173.500000
2451589.5 142.300000
2451620.5 106.300000
2451650.5 168.700000
2451681.5 188.300000
2451711.5 116.800000
2451743.5 133.100000
2451774.5 165.700000
2451803.5 217.700000
2451834.5 191.500000
2451864.5 165.900000
2451895.5 188.000000
2451925.5 244.300000
2451956.5 180.500000
2451987.5 156.000000
2452017.5 141.600000
2452048.5 158.100000
2452078.5 143.300000
2452109.5 142.600000
2452140.5 121.500000
2452168.5 165.800000
2452199.5 161.700000
2452229.5 142.100000
2452260.5 202.900000
2452290.5 123.000000
2452321.5 161.500000
2452352.5 238.200000
2452382.5 194.100000
2452413.5 176.600000
2452443.5 213.400000
2452474.5 184.600000
2452505.5 170.200000
2452533.5 147.100000
2452564.5 186.900000
2452594.5 187.500000
2452625.5 128.800000
2452655.5 161.000000
2452686.5 175.600000
2452717.5 187.900000
2452747.5 151.200000
2452778.5 147.200000
2452808.5 135.300000
2452839.5 133.500000
2452870.5 75.700000
2452898.5 100.700000
2452929.5 97.900000
2452959.5 86.800000
2452990.5 118.700000
2453020.5 128.300000
2453051.5 115.400000
2453082.5 78.500000
2453112.5 97.800000
2453143.5 82.900000
2453173.5 72.200000
2453204.5 60.600000
2453235.5 74.600000
2453264.5 74.800000
2453295.5 59.200000
2453325.5 72.800000
2453356.5 66.500000
2453386.5 83.800000
2453417.5 69.700000
2453448.5 48.800000
2453478.5 74.200000
2453509.5 70.100000
2453539.5 28.900000
2453570.5 48.100000
2453601.5 43.500000
2453629.5 39.600000
2453660.5 38.700000
2453690.5 61.900000
2453721.5 56.800000
2453751.5 62.400000
2453782.5 60.500000
2453813.5 37.200000
2453843.5 13.200000
2453874.5 27.500000
2453904.5 59.300000
2453935.5 20.900000
2453966.5 5.700000
2453994.5 17.300000
2454025.5 50.300000
2454055.5 37.200000
2454086.5 24.500000
2454116.5 22.200000
2454147.5 20.800000
2454178.5 23.700000
2454208.5 14.900000
2454239.5 35.700000
2454269.5 22.300000
2454300.5 29.300000
2454331.5 18.400000
2454359.5 7.200000
2454390.5 5.400000
2454420.5 19.500000
2454451.5 21.300000
2454481.5 15.100000
2454512.5 9.800000
2454543.5 4.000000
2454573.5 1.500000
2454604.5 2.800000
2454634.5 17.300000
2454665.5 4.100000
2454696.5 2.900000
2454725.5 15.500000
2454756.5 3.600000
2454786.5 4.600000
2454817.5 5.200000
2454847.5 0.600000
2454878.5 0.300000
2454909.5 1.200000
2454939.5 4.200000
2454970.5 6.600000
2455000.5 1.000000
2455031.5 1.300000
2455062.5 1.200000
2455090.5 0.600000
2455121.5 1.200000
2455151.5 2.900000
2455182.5 6.300000
2455212.5 5.500000
2455243.5 0.000000
2455274.5 7.100000
2455304.5 7.700000
2455335.5 6.900000
2455365.5 16.300000
2455397.5 19.500000
2455428.5 28.500000
2455456.5 24.000000
2455487.5 10.400000
2455517.5 13.900000
2455548.5 18.800000
2455578.5 25.200000
2455609.5 29.600000
2455640.5 36.400000
2455670.5 33.600000
2455701.5 34.400000
2455731.5 24.500000
2455762.5 27.300000
2455793.5 48.300000
2455821.5 78.600000
2455852.5 76.100000
2455882.5 58.200000
2455913.5 56.100000
2455943.5 64.500000
2455974.5 65.800000
2456005.5 120.100000
2456035.5 125.700000
2456066.5 139.100000
2456096.5 109.300000
2456127.5 94.400000
2456158.5 47.800000
2456187.5 86.600000
2456218.5 85.900000
2456248.5 96.500000
2456279.5 92.000000
2456309.5 100.100000
2456340.5 94.800000
2456371.5 93.700000
2456401.5 76.500000
2456432.5 87.600000
2456462.5 56.800000
2456493.5 96.100000
2456524.5 60.900000
2456552.5 78.300000
2456583.5 107.300000
2456613.5 120.200000
2456644.5 76.700000
2456674.5 86.200000
2456705.5 91.800000
2456736.5 54.500000
2456766.5 114.400000
2456797.5 113.900000
2456827.5 124.200000
2456858.5 117.000000
2456889.5 146.100000
2456917.5 128.700000
2456948.5 112.500000
2456978.5 112.500000
2457009.5 102.900000
2457039.5 100.200000
2457070.5 106.900000
2457101.5 130.000000
2457131.5 90.000000
2457162.5 103.600000
2457192.5 112.900000
2457223.5 93.000000
2457254.5 66.700000
2457282.5 54.500000
2457313.5 75.300000
2457343.5 88.800000
2457374.5 66.500000
2457404.5 65.800000
2457435.5 64.400000
2457466.5 78.600000
2457496.5 63.600000
2457527.5 62.200000
2457557.5 58.000000
2457588.5 57.000000
2457619.5 56.400000
2457648.5 54.100000
2457679.5 37.900000
2457709.5 51.500000
2457740.5 20.500000
2457770.5 32.400000
2457801.5 50.200000
2457832.5 44.600000
2457862.5 33.400000
2457893.5 21.400000
2457923.5 18.500000
2457954.5 26.100000
2457985.5 26.400000
2458013.5 17.700000
2458044.5 32.300000
2458074.5 18.900000
2458105.5 19.200000
2458135.5 17.800000
2458166.5 32.600000
2458197.5 43.700000
2458227.5 13.200000
2458258.5 5.700000
2458288.5 8.200000
2458319.5 6.800000
2458350.5 10.700000
2458378.5 2.500000
2458409.5 8.900000
2458439.5 13.100000
2458470.5 15.600000
2458500.5 1.600000
2458531.5 8.700000
2458562.5 3.300000
2458592.5 4.900000
2458623.5 4.900000
2458653.5 3.100000
2458684.5 7.700000
2458715.5 0.800000
2458743.5 9.400000
2458774.5 9.100000
2458804.5 9.900000
2458835.5 1.200000
2458865.5 0.900000
2458896.5 0.500000
2458927.5 1.100000
2458957.5 0.400000
2458988.5 0.500000
2459018.5 1.500000
2459050.5 6.200000
2459081.5 0.200000
2459110.5 1.500000
2459141.5 5.200000
2459171.5 0.200000
2459202.5 5.800000
2459232.5 6.100000
2459263.5 7.500000
2459294.5 0.600000
2459324.5 14.600000
2459355.5 34.500000
2459385.5 23.100000
2459416.5 10.400000
2459447.5 8.200000
2459475.5 17.200000
2459506.5 24.500000
2459536.5 21.200000
2459567.5 25.000000
2459597.5 34.300000
2459628.5 22.000000
2459659.5 51.300000
2459689.5 37.400000
2459720.5 34.800000
2459750.5 67.500000
2459781.5 55.300000
2459812.5 60.900000
2459840.5 78.600000
2459871.5 84.000000
2459901.5 96.500000
2459932.5 70.300000
2459962.5 91.400000
2459993.5 74.600000
2460024.5 96.000000
2460054.5 95.500000
2460085.5 80.500000
2460115.5 112.800000
2460146.5 144.400000
2460177.5 111.300000
2460205.5 123.300000
2460236.5 97.600000
2460266.5 137.400000
2460297.5 160.500000
2460327.5 160.000000
2460358.5 114.800000
2460389.5 134.200000
2460419.5 99.900000
2460450.5 107.100000
2460480.5 113.500000
2460511.5 126.000000
2460542.5 123.000000
