1980 01 01               
1980 01 02               
1980 01 03               
1980 01 04               
1980 01 05               
1980 01 06               
1980 01 07               
1980 01 08               
1980 01 09               
1980 01 10               
1980 01 11               
1980 01 12               
1980 01 13               
1980 01 14               
1980 01 15               
1980 01 16               
1980 01 17               
1980 01 18               
1980 01 19               
1980 01 20               
1980 01 21               
1980 01 22               
1980 01 23               
1980 01 24               
1980 01 25               
1980 01 26               
1980 01 27               
1980 01 28               
1980 01 29               
1980 01 30               
1980 01 31               
1980 02 01               
1980 02 02               
1980 02 03               
1980 02 04               
1980 02 05               
1980 02 06               
1980 02 07               
1980 02 08               
1980 02 09               
1980 02 10               
1980 02 11               
1980 02 12               
1980 02 13               
1980 02 14               
1980 02 15               
1980 02 16 1367.776  .098
1980 02 17 1367.898  .055
1980 02 18 1368.060  .026
1980 02 19               
1980 02 20 1368.202  .014
1980 02 21 1368.383  .039
1980 02 22 1368.305  .024
1980 02 23 1368.227  .029
1980 02 24 1367.995  .031
1980 02 25 1367.973  .029
1980 02 26 1368.293  .024
1980 02 27 1368.500  .028
1980 02 28 1368.798  .017
1980 02 29 1368.984  .090
1980 03 01 1368.997  .118
1980 03 02 1368.768  .021
1980 03 03 1368.807  .030
1980 03 04 1368.819  .023
1980 03 05 1368.801  .019
1980 03 06 1368.612  .015
1980 03 07 1368.617  .028
1980 03 08 1368.594  .014
1980 03 09 1368.427  .013
1980 03 10 1368.651  .020
1980 03 11 1368.608  .023
1980 03 12 1368.808  .024
1980 03 13 1368.756  .015
1980 03 14 1368.829  .016
1980 03 15 1368.662  .014
1980 03 16 1368.782  .025
1980 03 17 1368.850  .023
1980 03 18 1368.911  .016
1980 03 19 1368.897  .017
1980 03 20 1368.853  .014
1980 03 21 1368.645  .025
1980 03 22 1368.714  .022
1980 03 23 1368.730  .013
1980 03 24 1368.690  .018
1980 03 25 1369.046  .012
1980 03 26 1369.096  .020
1980 03 27 1369.112  .013
1980 03 28 1369.042  .019
1980 03 29 1368.905  .017
1980 03 30 1368.597  .023
1980 03 31 1368.428  .014
1980 04 01 1368.610  .021
1980 04 02 1368.672  .020
1980 04 03 1368.723  .024
1980 04 04 1368.610  .023
1980 04 05 1368.174  .019
1980 04 06 1367.396  .017
1980 04 07 1366.664  .025
1980 04 08 1366.331  .017
1980 04 09 1366.528  .021
1980 04 10 1366.837  .024
1980 04 11               
1980 04 12 1367.186  .019
1980 04 13 1367.521  .020
1980 04 14 1367.736  .024
1980 04 15 1368.150  .029
1980 04 16 1368.521  .038
1980 04 17 1368.966  .027
1980 04 18 1369.171  .024
1980 04 19 1369.299  .030
1980 04 20 1369.216  .033
1980 04 21 1368.828  .025
1980 04 22 1368.428  .033
1980 04 23 1368.331  .031
1980 04 24 1368.311  .041
1980 04 25 1368.494  .022
1980 04 26 1368.628  .035
1980 04 27 1368.708  .015
1980 04 28 1368.774  .035
1980 04 29 1368.655  .026
1980 04 30 1368.577  .060
1980 05 01 1368.305  .022
1980 05 02 1368.303  .520
1980 05 03 1367.741  .019
1980 05 04 1367.889  .031
1980 05 05 1368.229  .024
1980 05 06 1368.467  .032
1980 05 07 1368.737  .043
1980 05 08 1368.926  .043
1980 05 09 1369.083  .035
1980 05 10 1368.960  .026
1980 05 11               
1980 05 12 1368.428  .029
1980 05 13 1368.354  .038
1980 05 14 1368.268  .025
1980 05 15 1368.802  .022
1980 05 16 1368.886  .031
1980 05 17 1368.725  .026
1980 05 18 1368.670  .026
1980 05 19 1368.562  .030
1980 05 20 1368.389  .038
1980 05 21 1368.197  .021
1980 05 22 1367.909  .043
1980 05 23 1367.592  .027
1980 05 24 1367.322  .042
1980 05 25 1367.219  .027
1980 05 26 1367.240  .029
1980 05 27 1367.449  .029
1980 05 28 1367.673  .017
1980 05 29 1367.971  .031
1980 05 30 1368.339  .032
1980 05 31 1368.465  .036
1980 06 01 1368.385  .020
1980 06 02 1368.269  .035
1980 06 03 1368.297  .024
1980 06 04 1368.358  .034
1980 06 05 1368.472  .021
1980 06 06 1368.496  .049
1980 06 07 1368.506  .030
1980 06 08 1368.550  .027
1980 06 09 1368.726  .158
1980 06 10 1368.569  .019
1980 06 11 1368.631  .021
1980 06 12 1368.516  .043
1980 06 13 1368.539  .017
1980 06 14 1368.484  .024
1980 06 15 1368.365  .021
1980 06 16 1368.467  .025
1980 06 17 1368.670  .026
1980 06 18 1368.957  .019
1980 06 19 1369.074  .022
1980 06 20 1368.923  .016
1980 06 21 1368.683  .016
1980 06 22 1368.389  .017
1980 06 23 1368.143  .018
1980 06 24 1368.110  .020
1980 06 25 1368.223  .035
1980 06 26 1368.375  .059
1980 06 27 1368.519  .017
1980 06 28 1368.619  .019
1980 06 29 1368.476  .025
1980 06 30 1368.347  .021
1980 07 01 1368.466  .028
1980 07 02 1368.553  .023
1980 07 03 1368.415  .020
1980 07 04 1368.306  .025
1980 07 05 1368.284  .022
1980 07 06 1368.410  .024
1980 07 07 1368.407  .018
1980 07 08 1368.341  .040
1980 07 09               
1980 07 10 1368.343  .027
1980 07 11 1368.303  .020
1980 07 12 1368.152  .027
1980 07 13 1367.950  .017
1980 07 14 1367.935  .022
1980 07 15 1368.182  .021
1980 07 16 1368.166  .019
1980 07 17 1368.126  .031
1980 07 18 1368.050  .045
1980 07 19 1368.022  .017
1980 07 20 1368.198  .014
1980 07 21 1368.205  .014
1980 07 22 1368.336  .019
1980 07 23 1368.618  .026
1980 07 24 1368.781  .015
1980 07 25 1369.380  .263
1980 07 26 1369.488  .136
1980 07 27 1369.324  .018
1980 07 28 1369.120  .019
1980 07 29 1369.146  .064
1980 07 30               
1980 07 31 1368.583  .002
1980 08 01 1368.501  .017
1980 08 02 1368.465  .017
1980 08 03 1368.611  .013
1980 08 04 1368.678  .018
1980 08 05 1368.667  .066
1980 08 06 1368.581  .018
1980 08 07 1368.546  .016
1980 08 08 1368.490  .010
1980 08 09 1368.549  .023
1980 08 10 1368.607  .012
1980 08 11 1368.662  .016
1980 08 12 1368.857  .022
1980 08 13 1368.817  .016
1980 08 14 1368.873  .100
1980 08 15 1369.144  .015
1980 08 16 1369.050  .018
1980 08 17 1368.762  .019
1980 08 18 1368.625  .016
1980 08 19 1368.599  .013
1980 08 20 1368.407  .007
1980 08 21 1368.478  .018
1980 08 22 1368.646  .016
1980 08 23 1368.579  .013
1980 08 24 1368.422  .013
1980 08 25 1368.360  .022
1980 08 26 1368.285  .021
1980 08 27 1368.276  .012
1980 08 28 1368.141  .024
1980 08 29 1368.128  .014
1980 08 30 1367.721  .016
1980 08 31 1367.203  .012
1980 09 01 1367.057  .015
1980 09 02               
1980 09 03 1366.630  .032
1980 09 04 1366.642  .017
1980 09 05 1367.196  .016
1980 09 06 1367.828  .015
1980 09 07 1368.339  .021
1980 09 08 1368.744  .036
1980 09 09 1369.052  .023
1980 09 10 1368.934  .015
1980 09 11 1369.032  .013
1980 09 12 1368.921  .013
1980 09 13 1368.753  .017
1980 09 14 1368.621  .015
1980 09 15 1368.461  .018
1980 09 16 1368.557  .017
1980 09 17 1368.647  .045
1980 09 18 1368.625  .071
1980 09 19 1368.790  .013
1980 09 20 1368.572  .020
1980 09 21 1368.417  .025
1980 09 22 1368.278  .013
1980 09 23 1367.896  .014
1980 09 24 1367.994  .017
1980 09 25 1368.119  .015
1980 09 26 1368.563  .019
1980 09 27 1368.809  .018
1980 09 28 1368.734  .019
1980 09 29 1368.492  .059
1980 09 30 1368.609  .017
1980 10 01 1368.472  .070
1980 10 02 1368.691  .019
1980 10 03 1368.904  .018
1980 10 04 1368.936  .014
1980 10 05 1368.781  .276
1980 10 06 1368.887  .030
1980 10 07 1368.885  .015
1980 10 08 1368.835  .013
1980 10 09 1368.369  .020
1980 10 10 1368.072  .025
1980 10 11 1367.485  .013
1980 10 12 1367.336  .024
1980 10 13 1367.327  .021
1980 10 14 1367.433  .023
1980 10 15 1368.208  .022
1980 10 16 1368.729  .013
1980 10 17 1369.026  .015
1980 10 18 1368.930  .015
1980 10 19 1368.514  .028
1980 10 20 1368.061  .022
1980 10 21 1367.840  .018
1980 10 22 1367.503  .014
1980 10 23 1367.545  .015
1980 10 24 1367.814  .009
1980 10 25 1368.312  .013
1980 10 26 1368.322  .019
1980 10 27 1368.515  .015
1980 10 28 1368.571  .018
1980 10 29 1368.515  .015
1980 10 30 1368.577  .013
1980 10 31 1368.219  .010
1980 11 01 1368.247  .020
1980 11 02 1368.136  .019
1980 11 03 1367.784  .027
1980 11 04 1367.443  .011
1980 11 05 1367.185  .012
1980 11 06 1366.953  .020
1980 11 07 1366.838  .018
1980 11 08 1366.644  .015
1980 11 09 1366.720  .014
1980 11 10 1366.836  .019
1980 11 11 1366.852  .017
1980 11 12 1367.072  .016
1980 11 13 1367.245  .015
1980 11 14               
1980 11 15               
1980 11 16               
1980 11 17               
1980 11 18 1368.051  .020
1980 11 19 1368.203  .020
1980 11 20 1368.213  .035
1980 11 21 1368.442  .012
1980 11 22 1368.568  .010
1980 11 23               
1980 11 24               
1980 11 25               
1980 11 26               
1980 11 27               
1980 11 28               
1980 11 29               
1980 11 30               
1980 12 01 1368.389  .191
1980 12 02 1368.078  .023
1980 12 03 1368.357  .044
1980 12 04 1368.777  .116
1980 12 05 1368.790  .096
1980 12 06 1368.867  .149
1980 12 07 1369.140  .067
1980 12 08 1369.232  .068
1980 12 09 1369.238  .096
1980 12 10 1368.673  .260
1980 12 11 1368.596  .031
1980 12 12               
1980 12 13               
1980 12 14               
1980 12 15 1367.638  .162
1980 12 16 1365.609  .085
1980 12 17 1366.500  .169
1980 12 18 1366.260  .054
1980 12 19 1366.422  .100
1980 12 20               
1980 12 21 1366.225  .334
1980 12 22 1365.267  .084
1980 12 23 1366.567  .134
1980 12 24 1367.565  .156
1980 12 25 1368.187  .181
1980 12 26               
1980 12 27 1368.023  .036
1980 12 28 1367.658  .082
1980 12 29 1367.576  .074
1980 12 30 1368.067  .148
1980 12 31 1368.189  .065
1981 01 01 1368.489  .107
1981 01 02 1368.924  .079
1981 01 03 1368.161  .314
1981 01 04 1369.102  .062
1981 01 05 1368.205  .366
1981 01 06 1369.178  .058
1981 01 07 1369.491  .192
1981 01 08               
1981 01 09               
1981 01 10 1369.526  .080
1981 01 11 1369.300  .068
1981 01 12               
1981 01 13               
1981 01 14 1368.863  .140
1981 01 15               
1981 01 16 1368.125  .129
1981 01 17 1369.408  .061
1981 01 18 1369.255  .120
1981 01 19 1368.905  .046
1981 01 20 1368.054  .155
1981 01 21 1368.763  .146
1981 01 22 1369.171  .090
1981 01 23 1368.898  .059
1981 01 24               
1981 01 25 1368.311  .095
1981 01 26 1368.875  .081
1981 01 27 1368.566  .107
1981 01 28 1368.820  .053
1981 01 29 1368.862  .091
1981 01 30 1368.369  .037
1981 01 31               
1981 02 01               
1981 02 02 1367.668  .136
1981 02 03 1367.827  .080
1981 02 04 1368.468  .087
1981 02 05 1368.450  .200
1981 02 06 1366.387  .092
1981 02 07 1367.985  .064
1981 02 08 1367.839  .096
1981 02 09 1368.043  .039
1981 02 10 1367.793  .138
1981 02 11 1368.162  .043
1981 02 12 1367.886  .088
1981 02 13 1368.221  .085
1981 02 14 1367.703  .273
1981 02 15 1367.959  .146
1981 02 16 1367.587  .052
1981 02 17 1367.958  .327
1981 02 18 1367.407  .127
1981 02 19 1368.339  .094
1981 02 20 1368.314  .187
1981 02 21 1368.469  .072
1981 02 22 1367.659  .127
1981 02 23 1367.519  .046
1981 02 24 1368.524  .071
1981 02 25 1367.850  .132
1981 02 26 1367.245  .293
1981 02 27 1367.861  .120
1981 02 28 1367.613  .251
1981 03 01 1367.582  .201
1981 03 02 1368.214  .090
1981 03 03 1368.107  .120
1981 03 04 1367.885  .054
1981 03 05 1368.397  .140
1981 03 06 1367.959  .100
1981 03 07 1367.621  .127
1981 03 08 1367.712  .034
1981 03 09 1368.027  .056
1981 03 10 1368.033  .056
1981 03 11 1368.103  .048
1981 03 12 1368.259  .044
1981 03 13 1368.449  .062
1981 03 14 1368.235  .054
1981 03 15 1367.275  .284
1981 03 16 1368.016  .047
1981 03 17 1368.237  .080
1981 03 18 1368.489  .091
1981 03 19 1367.881  .093
1981 03 20 1368.024  .111
1981 03 21 1367.301  .185
1981 03 22 1367.543  .108
1981 03 23 1368.042  .081
1981 03 24 1368.158  .106
1981 03 25 1367.703  .118
1981 03 26 1368.074  .108
1981 03 27 1367.945  .058
1981 03 28 1367.853  .126
1981 03 29 1368.159  .080
1981 03 30 1368.263  .090
1981 03 31 1368.702  .094
1981 04 01 1368.503  .088
1981 04 02 1368.820  .048
1981 04 03 1368.889  .076
1981 04 04 1368.862  .141
1981 04 05 1368.750  .157
1981 04 06 1368.131  .057
1981 04 07 1368.078  .090
1981 04 08 1367.926  .176
1981 04 09 1367.912  .078
1981 04 10 1367.237  .212
1981 04 11 1367.552  .202
1981 04 12 1366.721  .244
1981 04 13 1366.768  .256
1981 04 14 1367.318  .143
1981 04 15 1367.864  .092
1981 04 16 1368.177  .129
1981 04 17 1367.315  .057
1981 04 18 1367.439  .065
1981 04 19 1368.099  .072
1981 04 20 1368.068  .170
1981 04 21 1368.189  .097
1981 04 22 1368.144  .172
1981 04 23 1367.572  .105
1981 04 24 1367.883  .061
1981 04 25 1368.367  .062
1981 04 26 1368.704  .160
1981 04 27 1368.489  .064
1981 04 28 1368.331  .133
1981 04 29 1368.344  .057
1981 04 30 1368.573  .148
1981 05 01 1368.271  .124
1981 05 02 1369.053  .072
1981 05 03 1368.603  .065
1981 05 04 1368.032  .055
1981 05 05 1367.955  .132
1981 05 06 1367.417  .072
1981 05 07 1367.968  .104
1981 05 08 1367.908  .192
1981 05 09 1368.163  .059
1981 05 10 1368.061  .065
1981 05 11 1367.479  .131
1981 05 12               
1981 05 13 1367.934  .073
1981 05 14 1368.492  .127
1981 05 15 1367.591  .162
1981 05 16               
1981 05 17               
1981 05 18 1367.910  .181
1981 05 19               
1981 05 20 1367.093  .104
1981 05 21               
1981 05 22 1368.148  .062
1981 05 23 1367.932  .104
1981 05 24               
1981 05 25 1368.841  .073
1981 05 26 1368.268  .081
1981 05 27 1367.978  .092
1981 05 28 1368.019  .184
1981 05 29 1368.391  .087
1981 05 30 1368.497  .105
1981 05 31 1367.735  .313
1981 06 01 1368.092  .217
1981 06 02 1367.193  .391
1981 06 03 1368.056  .142
1981 06 04 1368.731  .100
1981 06 05 1368.192  .080
1981 06 06               
1981 06 07 1368.274  .074
1981 06 08 1368.144  .077
1981 06 09 1368.487  .089
1981 06 10 1367.948  .077
1981 06 11 1368.026  .163
1981 06 12 1367.871  .119
1981 06 13 1368.055  .081
1981 06 14 1367.839  .062
1981 06 15 1367.602  .052
1981 06 16 1367.579  .050
1981 06 17 1367.501  .043
1981 06 18 1367.854  .121
1981 06 19 1368.194  .075
1981 06 20 1368.396  .068
1981 06 21 1368.017  .047
1981 06 22 1368.100  .108
1981 06 23 1367.907  .067
1981 06 24 1367.569  .110
1981 06 25 1367.545  .090
1981 06 26 1367.952  .046
1981 06 27 1367.285  .174
1981 06 28 1367.418  .073
1981 06 29 1367.504  .134
1981 06 30 1367.491  .101
1981 07 01 1367.102  .047
1981 07 02 1366.765  .149
1981 07 03 1367.665  .073
1981 07 04 1367.889  .077
1981 07 05 1368.438  .105
1981 07 06 1368.377  .101
1981 07 07 1367.970  .220
1981 07 08 1367.852  .045
1981 07 09 1368.068  .066
1981 07 10 1368.184  .073
1981 07 11 1367.758  .102
1981 07 12 1368.140  .099
1981 07 13 1367.729  .074
1981 07 14 1367.747  .122
1981 07 15 1367.851  .122
1981 07 16 1367.392  .131
1981 07 17 1367.743  .122
1981 07 18 1366.146  .191
1981 07 19 1367.417  .439
1981 07 20 1366.996  .208
1981 07 21 1367.106  .132
1981 07 22 1366.040  .094
1981 07 23 1365.339  .054
1981 07 24 1365.113  .135
1981 07 25 1364.933  .107
1981 07 26 1365.176  .086
1981 07 27               
1981 07 28               
1981 07 29               
1981 07 30               
1981 07 31               
1981 08 01 1367.350  .066
1981 08 02 1367.550  .089
1981 08 03 1367.484  .088
1981 08 04 1367.152  .069
1981 08 05 1367.201  .055
1981 08 06 1367.113  .097
1981 08 07 1366.937  .073
1981 08 08 1366.719  .072
1981 08 09 1366.747  .075
1981 08 10 1367.117  .073
1981 08 11 1367.064  .079
1981 08 12 1367.905  .120
1981 08 13 1368.429  .057
1981 08 14 1368.524  .082
1981 08 15 1367.903  .131
1981 08 16 1367.743  .045
1981 08 17 1367.466  .087
1981 08 18 1367.607  .062
1981 08 19 1366.911  .077
1981 08 20 1367.334  .052
1981 08 21 1367.987  .167
1981 08 22 1367.786  .110
1981 08 23 1367.472  .259
1981 08 24 1367.484  .195
1981 08 25 1367.556  .160
1981 08 26 1367.213  .087
1981 08 27 1367.335  .041
1981 08 28 1367.977  .095
1981 08 29 1367.986  .132
1981 08 30 1368.277  .059
1981 08 31 1368.152  .120
1981 09 01 1368.489  .070
1981 09 02 1368.385  .062
1981 09 03 1368.260  .151
1981 09 04 1367.888  .048
1981 09 05 1367.702  .074
1981 09 06 1367.017  .142
1981 09 07 1367.136  .088
1981 09 08 1365.404  .054
1981 09 09 1367.490  .102
1981 09 10 1367.928  .051
1981 09 11               
1981 09 12 1367.433  .059
1981 09 13               
1981 09 14 1368.050  .065
1981 09 15 1368.315  .098
1981 09 16 1368.030  .083
1981 09 17 1368.184  .072
1981 09 18 1367.617  .075
1981 09 19 1367.620  .064
1981 09 20 1368.196  .075
1981 09 21 1368.467  .058
1981 09 22 1368.034  .048
1981 09 23 1368.017  .203
1981 09 24 1368.604  .082
1981 09 25 1368.712  .137
1981 09 26 1368.578  .136
1981 09 27 1368.992  .116
1981 09 28 1368.231  .078
1981 09 29 1367.952  .139
1981 09 30 1368.177  .050
1981 10 01 1368.529  .054
1981 10 02 1368.417  .073
1981 10 03 1368.679  .060
1981 10 04 1368.381  .070
1981 10 05 1368.443  .065
1981 10 06 1366.983  .293
1981 10 07 1367.861  .136
1981 10 08 1368.263  .049
1981 10 09 1368.051  .055
1981 10 10 1368.072  .051
1981 10 11 1367.463  .074
1981 10 12 1367.012  .055
1981 10 13 1366.559  .098
1981 10 14 1366.105  .076
1981 10 15 1366.193  .066
1981 10 16 1366.088  .057
1981 10 17 1366.062  .056
1981 10 18 1366.382  .083
1981 10 19 1366.723  .083
1981 10 20 1367.217  .070
1981 10 21 1367.863  .049
1981 10 22 1368.532  .083
1981 10 23 1368.580  .072
1981 10 24 1368.468  .079
1981 10 25 1368.551  .143
1981 10 26 1368.833  .076
1981 10 27 1368.711  .067
1981 10 28 1368.987  .057
1981 10 29 1368.719  .077
1981 10 30 1368.664  .073
1981 10 31 1368.445  .088
1981 11 01 1367.731  .093
1981 11 02 1367.425  .110
1981 11 03 1367.226  .076
1981 11 04 1367.083  .062
1981 11 05 1367.671  .079
1981 11 06 1368.105  .087
1981 11 07 1368.164  .093
1981 11 08 1368.385  .097
1981 11 09 1368.504  .048
1981 11 10 1367.516  .121
1981 11 11 1368.060  .066
1981 11 12 1367.753  .103
1981 11 13 1367.354  .153
1981 11 14 1368.042  .056
1981 11 15 1368.298  .054
1981 11 16 1368.541  .097
1981 11 17 1368.702  .088
1981 11 18 1368.040  .048
1981 11 19 1368.052  .065
1981 11 20 1368.233  .053
1981 11 21 1368.340  .066
1981 11 22 1368.157  .075
1981 11 23 1368.733  .076
1981 11 24 1369.172  .065
1981 11 25 1367.938  .229
1981 11 26 1368.286  .179
1981 11 27 1368.499  .067
1981 11 28 1368.488  .072
1981 11 29 1367.845  .108
1981 11 30 1368.067  .079
1981 12 01 1368.529  .083
1981 12 02 1368.523  .166
1981 12 03 1368.778  .093
1981 12 04               
1981 12 05               
1981 12 06 1368.471  .097
1981 12 07 1367.397  .064
1981 12 08 1367.168  .053
1981 12 09 1366.420  .051
1981 12 10 1366.771  .053
1981 12 11 1367.485  .066
1981 12 12 1367.768  .066
1981 12 13 1368.161  .092
1981 12 14 1368.402  .113
1981 12 15 1368.315  .084
1981 12 16 1368.281  .066
1981 12 17 1367.925  .133
1981 12 18 1368.346  .042
1981 12 19 1368.267  .092
1981 12 20 1368.146  .076
1981 12 21 1368.138  .098
1981 12 22 1368.524  .100
1981 12 23 1368.151  .070
1981 12 24 1367.881  .065
1981 12 25 1368.038  .107
1981 12 26 1367.970  .086
1981 12 27 1368.030  .072
1981 12 28 1368.334  .095
1981 12 29               
1981 12 30               
1981 12 31               
1982 01 01 1368.741  .059
1982 01 02 1368.455  .091
1982 01 03 1368.446  .140
1982 01 04 1368.714  .076
1982 01 05 1368.447  .097
1982 01 06 1368.631  .064
1982 01 07 1368.635  .110
1982 01 08 1368.201  .136
1982 01 09 1368.586  .088
1982 01 10 1368.069  .073
1982 01 11 1368.537  .065
1982 01 12 1368.627  .049
1982 01 13 1367.982  .091
1982 01 14 1368.283  .059
1982 01 15 1367.786  .053
1982 01 16 1367.833  .055
1982 01 17 1368.075  .085
1982 01 18 1368.105  .080
1982 01 19 1368.451  .075
1982 01 20 1368.702  .053
1982 01 21 1368.676  .042
1982 01 22 1368.601  .074
1982 01 23 1368.876  .048
1982 01 24 1368.499  .059
1982 01 25 1368.779  .047
1982 01 26 1368.727  .056
1982 01 27 1368.781  .039
1982 01 28 1368.275  .093
1982 01 29 1366.916  .129
1982 01 30 1366.659  .117
1982 01 31 1365.715  .076
1982 02 01 1366.724  .120
1982 02 02 1366.918  .119
1982 02 03 1367.512  .086
1982 02 04 1367.505  .061
1982 02 05 1367.932  .067
1982 02 06 1367.473  .054
1982 02 07 1366.925  .070
1982 02 08 1366.109  .080
1982 02 09 1366.340  .077
1982 02 10 1365.540  .077
1982 02 11 1365.872  .076
1982 02 12 1366.535  .080
1982 02 13 1366.808  .062
1982 02 14 1367.104  .061
1982 02 15 1367.349  .085
1982 02 16 1367.187  .088
1982 02 17 1366.567  .088
1982 02 18 1367.266  .083
1982 02 19 1366.849  .056
1982 02 20 1367.492  .106
1982 02 21 1367.661  .159
1982 02 22 1367.881  .061
1982 02 23 1368.216  .039
1982 02 24 1368.275  .118
1982 02 25 1368.344  .059
1982 02 26 1368.459  .038
1982 02 27 1368.161  .060
1982 02 28 1367.639  .081
1982 03 01 1367.087  .096
1982 03 02 1366.742  .112
1982 03 03 1367.676  .077
1982 03 04 1367.705  .093
1982 03 05 1367.579  .071
1982 03 06 1368.080  .050
1982 03 07 1368.225  .079
1982 03 08 1368.347  .090
1982 03 09 1368.221  .068
1982 03 10 1368.244  .064
1982 03 11 1368.031  .078
1982 03 12 1367.932  .086
1982 03 13 1367.887  .046
1982 03 14 1367.707  .061
1982 03 15 1365.411  .180
1982 03 16 1364.479  .120
1982 03 17 1364.982  .082
1982 03 18 1364.846  .083
1982 03 19 1365.938  .125
1982 03 20 1366.704  .071
1982 03 21 1367.109  .087
1982 03 22 1367.453  .106
1982 03 23 1367.306  .063
1982 03 24 1366.819  .059
1982 03 25 1366.977  .078
1982 03 26 1366.863  .105
1982 03 27 1366.792  .076
1982 03 28 1366.757  .088
1982 03 29 1367.412  .103
1982 03 30 1367.578  .091
1982 03 31 1367.554  .105
1982 04 01 1368.300  .054
1982 04 02 1368.382  .060
1982 04 03 1368.586  .048
1982 04 04 1368.272  .051
1982 04 05 1368.057  .081
1982 04 06 1368.041  .060
1982 04 07 1368.245  .048
1982 04 08 1368.504  .048
1982 04 09 1368.043  .119
1982 04 10 1367.837  .057
1982 04 11 1367.487  .062
1982 04 12 1367.479  .110
1982 04 13 1367.401  .059
1982 04 14 1367.292  .071
1982 04 15 1367.878  .055
1982 04 16 1367.824  .082
1982 04 17 1367.761  .097
1982 04 18 1368.030  .107
1982 04 19 1367.571  .090
1982 04 20 1367.493  .181
1982 04 21 1367.712  .076
1982 04 22 1367.979  .063
1982 04 23 1367.264  .064
1982 04 24 1367.244  .073
1982 04 25 1367.162  .077
1982 04 26 1367.510  .093
1982 04 27 1367.917  .099
1982 04 28 1368.704  .073
1982 04 29 1368.567  .044
1982 04 30 1368.156  .079
1982 05 01 1367.915  .057
1982 05 02 1367.984  .056
1982 05 03 1367.793  .137
1982 05 04 1367.825  .062
1982 05 05 1367.550  .077
1982 05 06 1367.567  .080
1982 05 07 1367.390  .066
1982 05 08 1367.520  .079
1982 05 09 1367.906  .122
1982 05 10 1367.335  .115
1982 05 11 1368.059  .080
1982 05 12 1368.187  .060
1982 05 13 1368.013  .044
1982 05 14 1367.664  .099
1982 05 15 1367.585  .123
1982 05 16 1367.565  .076
1982 05 17 1367.492  .074
1982 05 18 1367.448  .057
1982 05 19 1367.717  .121
1982 05 20 1367.824  .126
1982 05 21 1367.728  .049
1982 05 22 1367.636  .114
1982 05 23 1368.209  .062
1982 05 24 1368.102  .056
1982 05 25 1368.430  .053
1982 05 26 1367.948  .077
1982 05 27 1367.979  .061
1982 05 28 1368.015  .089
1982 05 29 1367.628  .091
1982 05 30 1367.955  .060
1982 05 31 1367.756  .120
1982 06 01 1368.404  .042
1982 06 02 1368.009  .142
1982 06 03 1367.615  .159
1982 06 04 1368.008  .077
1982 06 05 1367.638  .127
1982 06 06 1366.732  .110
1982 06 07 1366.628  .056
1982 06 08 1366.110  .176
1982 06 09 1366.627  .070
1982 06 10 1366.710  .092
1982 06 11 1367.032  .181
1982 06 12 1367.184  .135
1982 06 13 1366.756  .104
1982 06 14 1366.469  .049
1982 06 15 1366.232  .108
1982 06 16 1366.275  .080
1982 06 17 1365.551  .096
1982 06 18 1365.483  .139
1982 06 19 1366.277  .166
1982 06 20 1365.936  .120
1982 06 21 1366.560  .083
1982 06 22 1366.771  .082
1982 06 23 1367.311  .221
1982 06 24 1367.399  .096
1982 06 25 1367.674  .145
1982 06 26 1368.178  .085
1982 06 27 1369.076  .066
1982 06 28 1367.665  .098
1982 06 29 1367.307  .106
1982 06 30 1367.926  .071
1982 07 01 1367.786  .179
1982 07 02 1368.223  .095
1982 07 03 1368.835  .096
1982 07 04 1368.257  .069
1982 07 05 1367.858  .115
1982 07 06 1368.241  .110
1982 07 07 1368.311  .089
1982 07 08 1367.228  .134
1982 07 09 1367.916  .111
1982 07 10 1367.642  .056
1982 07 11 1367.216  .040
1982 07 12 1366.826  .059
1982 07 13 1366.621  .080
1982 07 14 1366.100  .063
1982 07 15 1366.433  .080
1982 07 16 1366.053  .075
1982 07 17 1366.418  .107
1982 07 18 1367.305  .102
1982 07 19 1368.355  .074
1982 07 20 1368.820  .090
1982 07 21 1368.402  .079
1982 07 22 1368.606  .071
1982 07 23 1368.354  .064
1982 07 24 1367.873  .139
1982 07 25 1367.785  .101
1982 07 26 1367.802  .168
1982 07 27 1367.887  .142
1982 07 28 1367.472  .163
1982 07 29 1367.607  .128
1982 07 30 1367.604  .079
1982 07 31 1367.972  .106
1982 08 01 1368.375  .115
1982 08 02 1367.971  .093
1982 08 03 1367.784  .098
1982 08 04 1367.563  .078
1982 08 05 1367.270  .155
1982 08 06 1367.475  .062
1982 08 07 1367.275  .094
1982 08 08 1367.107  .108
1982 08 09 1367.479  .056
1982 08 10 1367.477  .059
1982 08 11 1367.868  .052
1982 08 12 1368.138  .164
1982 08 13 1368.166  .155
1982 08 14 1368.132  .089
1982 08 15 1367.641  .182
1982 08 16 1367.459  .112
1982 08 17 1368.163  .121
1982 08 18 1367.193  .098
1982 08 19 1367.479  .104
1982 08 20 1366.920  .112
1982 08 21 1367.470  .070
1982 08 22 1366.953  .144
1982 08 23 1367.133  .087
1982 08 24 1367.034  .089
1982 08 25 1366.882  .065
1982 08 26 1366.669  .079
1982 08 27 1366.980  .179
1982 08 28 1367.302  .071
1982 08 29 1367.395  .089
1982 08 30 1367.842  .062
1982 08 31 1367.972  .122
1982 09 01 1368.286  .064
1982 09 02 1368.076  .069
1982 09 03 1367.832  .101
1982 09 04 1367.998  .094
1982 09 05 1367.973  .136
1982 09 06 1368.549  .129
1982 09 07 1368.438  .048
1982 09 08 1368.375  .159
1982 09 09 1368.405  .078
1982 09 10               
1982 09 11 1368.355  .090
1982 09 12 1368.061  .079
1982 09 13 1368.137  .211
1982 09 14 1367.779  .138
1982 09 15               
1982 09 16 1367.404  .190
1982 09 17 1367.812  .086
1982 09 18 1367.082  .198
1982 09 19 1367.722  .106
1982 09 20 1366.974  .106
1982 09 21 1367.960  .066
1982 09 22 1367.939  .087
1982 09 23 1368.422  .094
1982 09 24 1367.600  .496
1982 09 25 1367.864  .215
1982 09 26 1368.353  .135
1982 09 27 1367.716  .091
1982 09 28 1367.255  .132
1982 09 29 1367.332  .120
1982 09 30 1367.498  .098
1982 10 01 1367.401  .090
1982 10 02 1367.743  .143
1982 10 03 1368.276  .072
1982 10 04 1368.801  .074
1982 10 05 1368.883  .072
1982 10 06 1368.552  .084
1982 10 07 1368.423  .077
1982 10 08 1368.177  .069
1982 10 09 1368.029  .067
1982 10 10 1368.181  .109
1982 10 11 1368.177  .076
1982 10 12 1368.117  .071
1982 10 13 1367.668  .118
1982 10 14 1367.702  .225
1982 10 15 1367.695  .132
1982 10 16 1367.554  .090
1982 10 17 1367.779  .061
1982 10 18 1367.686  .080
1982 10 19 1367.630  .078
1982 10 20 1368.088  .089
1982 10 21 1368.016  .063
1982 10 22 1368.007  .094
1982 10 23 1368.517  .085
1982 10 24 1367.891  .077
1982 10 25 1367.949  .067
1982 10 26 1367.987  .117
1982 10 27 1367.880  .084
1982 10 28 1368.685  .080
1982 10 29 1368.602  .092
1982 10 30 1368.515  .047
1982 10 31 1368.010  .091
1982 11 01 1368.784  .132
1982 11 02 1369.317  .060
1982 11 03 1368.406  .145
1982 11 04 1368.813  .095
1982 11 05 1368.436  .222
1982 11 06 1367.737  .158
1982 11 07 1368.362  .086
1982 11 08 1368.501  .074
1982 11 09 1368.205  .154
1982 11 10 1368.347  .098
1982 11 11 1367.712  .247
1982 11 12 1367.310  .089
1982 11 13 1366.953  .100
1982 11 14               
1982 11 15               
1982 11 16 1367.703  .089
1982 11 17 1367.468  .119
1982 11 18 1368.042  .117
1982 11 19 1367.438  .102
1982 11 20 1367.688  .151
1982 11 21 1368.458  .232
1982 11 22 1367.018  .120
1982 11 23 1367.045  .167
1982 11 24 1367.314  .074
1982 11 25 1368.045  .109
1982 11 26 1368.127  .095
1982 11 27 1368.311  .062
1982 11 28 1367.981  .108
1982 11 29 1367.595  .103
1982 11 30 1367.092  .145
1982 12 01 1367.789  .046
1982 12 02 1367.347  .078
1982 12 03 1367.323  .060
1982 12 04 1367.278  .097
1982 12 05 1367.146  .105
1982 12 06 1367.580  .095
1982 12 07               
1982 12 08 1368.193  .100
1982 12 09 1367.812  .060
1982 12 10 1367.907  .073
1982 12 11 1367.605  .083
1982 12 12 1367.503  .129
1982 12 13 1367.029  .133
1982 12 14 1366.738  .161
1982 12 15 1367.296  .100
1982 12 16 1367.399  .139
1982 12 17 1368.507  .071
1982 12 18 1368.901  .085
1982 12 19 1368.426  .058
1982 12 20 1368.524  .073
1982 12 21 1368.218  .163
1982 12 22 1368.015  .180
1982 12 23 1367.895  .085
1982 12 24               
1982 12 25 1368.087  .148
1982 12 26               
1982 12 27               
1982 12 28 1367.446  .126
1982 12 29 1367.929  .203
1982 12 30               
1982 12 31 1367.817  .087
1983 01 01               
1983 01 02 1368.778  .121
1983 01 03 1367.769  .266
1983 01 04 1367.682  .127
1983 01 05 1367.379  .139
1983 01 06 1368.553  .107
1983 01 07 1368.206  .067
1983 01 08 1367.129  .214
1983 01 09 1367.865  .058
1983 01 10 1368.518  .064
1983 01 11 1367.506  .218
1983 01 12 1367.836  .102
1983 01 13 1368.595  .107
1983 01 14 1368.171  .084
1983 01 15 1367.452  .143
1983 01 16 1367.298  .146
1983 01 17 1367.652  .047
1983 01 18 1366.998  .158
1983 01 19 1367.244  .083
1983 01 20 1367.236  .085
1983 01 21 1367.204  .110
1983 01 22 1367.842  .099
1983 01 23 1367.385  .213
1983 01 24 1368.164  .156
1983 01 25 1368.338  .092
1983 01 26 1368.137  .062
1983 01 27 1367.809  .250
1983 01 28 1367.751  .099
1983 01 29 1367.885  .064
1983 01 30 1367.714  .094
1983 01 31 1367.872  .088
1983 02 01 1367.946  .087
1983 02 02 1368.061  .091
1983 02 03 1368.013  .065
1983 02 04 1368.234  .112
1983 02 05 1367.450  .107
1983 02 06 1367.457  .085
1983 02 07 1366.871  .152
1983 02 08 1367.459  .244
1983 02 09 1368.156  .128
1983 02 10 1368.380  .134
1983 02 11 1368.495  .109
1983 02 12 1368.331  .107
1983 02 13 1368.760  .117
1983 02 14 1368.036  .156
1983 02 15 1368.191  .269
1983 02 16 1367.913  .103
1983 02 17 1367.351  .368
1983 02 18 1366.964  .040
1983 02 19 1366.278  .370
1983 02 20 1367.985  .118
1983 02 21 1366.351  .201
1983 02 22 1368.285  .085
1983 02 23 1368.116  .071
1983 02 24 1367.973  .220
1983 02 25 1367.859  .106
1983 02 26 1367.176  .190
1983 02 27 1367.356  .071
1983 02 28 1367.517  .112
1983 03 01 1368.002  .089
1983 03 02 1367.309  .082
1983 03 03 1367.902  .132
1983 03 04 1366.621  .132
1983 03 05 1367.030  .153
1983 03 06 1367.119  .111
1983 03 07 1367.551  .151
1983 03 08 1366.026  .087
1983 03 09 1367.683  .157
1983 03 10 1367.947  .118
1983 03 11 1367.850  .140
1983 03 12 1367.727  .064
1983 03 13 1367.604  .105
1983 03 14 1367.213  .166
1983 03 15 1366.495  .053
1983 03 16               
1983 03 17 1367.973  .081
1983 03 18 1367.560  .058
1983 03 19 1367.629  .103
1983 03 20 1367.628  .106
1983 03 21 1367.347  .116
1983 03 22 1367.319  .073
1983 03 23 1368.393  .123
1983 03 24 1368.106  .106
1983 03 25 1368.567  .129
1983 03 26 1368.242  .099
1983 03 27 1367.164  .188
1983 03 28 1368.001  .135
1983 03 29 1367.532  .103
1983 03 30 1366.748  .066
1983 03 31 1367.588  .109
1983 04 01 1367.564  .169
1983 04 02 1366.925  .149
1983 04 03 1366.485  .208
1983 04 04 1367.432  .134
1983 04 05 1367.902  .064
1983 04 06 1368.159  .088
1983 04 07 1366.986  .104
1983 04 08 1367.041  .136
1983 04 09 1367.293  .054
1983 04 10 1367.619  .120
1983 04 11 1367.297  .149
1983 04 12 1367.610  .099
1983 04 13 1367.090  .159
1983 04 14 1368.167  .076
1983 04 15 1367.772  .197
1983 04 16 1367.512  .113
1983 04 17 1366.936  .338
1983 04 18 1367.326  .150
1983 04 19 1367.726  .062
1983 04 20 1367.681  .072
1983 04 21 1367.906  .071
1983 04 22 1367.443  .192
1983 04 23 1367.981  .092
1983 04 24 1367.733  .058
1983 04 25 1367.149  .154
1983 04 26 1367.505  .086
1983 04 27 1367.601  .084
1983 04 28 1367.520  .124
1983 04 29 1367.513  .093
1983 04 30               
1983 05 01 1367.171  .072
1983 05 02 1367.982  .059
1983 05 03 1367.738  .140
1983 05 04 1367.987  .066
1983 05 05 1368.064  .062
1983 05 06 1367.609  .141
1983 05 07 1367.594  .112
1983 05 08 1367.857  .073
1983 05 09 1367.104  .243
1983 05 10 1367.066  .162
1983 05 11 1366.812  .142
1983 05 12 1366.195  .099
1983 05 13 1366.720  .107
1983 05 14 1366.832  .053
1983 05 15 1367.090  .042
1983 05 16 1367.034  .172
1983 05 17 1367.649  .097
1983 05 18               
1983 05 19 1367.248  .036
1983 05 20 1367.911  .096
1983 05 21 1366.761  .276
1983 05 22 1366.609  .178
1983 05 23 1367.016  .095
1983 05 24 1367.560  .095
1983 05 25 1367.441  .060
1983 05 26 1367.844  .094
1983 05 27 1367.718  .098
1983 05 28 1368.140  .048
1983 05 29 1368.414  .085
1983 05 30 1368.443  .116
1983 05 31 1368.341  .090
1983 06 01 1367.612  .058
1983 06 02 1367.629  .101
1983 06 03 1367.072  .071
1983 06 04 1366.908  .123
1983 06 05 1366.500  .158
1983 06 06 1366.341  .048
1983 06 07 1366.584  .121
1983 06 08 1366.403  .077
1983 06 09 1366.639  .067
1983 06 10 1367.178  .061
1983 06 11 1366.992  .117
1983 06 12               
1983 06 13 1366.913  .146
1983 06 14 1368.089  .103
1983 06 15 1367.808  .069
1983 06 16 1367.901  .092
1983 06 17 1368.029  .067
1983 06 18 1367.516  .094
1983 06 19 1367.507  .144
1983 06 20 1368.180  .078
1983 06 21 1367.888  .089
1983 06 22               
1983 06 23 1367.746  .083
1983 06 24               
1983 06 25 1367.749  .125
1983 06 26 1367.952  .077
1983 06 27 1368.177  .095
1983 06 28 1367.610  .320
1983 06 29 1367.490  .105
1983 06 30 1367.408  .130
1983 07 01 1367.066  .067
1983 07 02 1367.444  .076
1983 07 03 1367.147  .103
1983 07 04 1367.809  .090
1983 07 05 1367.791  .077
1983 07 06 1367.785  .160
1983 07 07 1367.813  .068
1983 07 08 1367.503  .175
1983 07 09 1366.949  .099
1983 07 10 1367.849  .099
1983 07 11 1367.433  .107
1983 07 12 1367.462  .096
1983 07 13 1367.620  .088
1983 07 14 1367.522  .087
1983 07 15 1367.489  .100
1983 07 16 1367.638  .062
1983 07 17 1366.667  .173
1983 07 18 1368.137  .064
1983 07 19 1368.104  .060
1983 07 20 1368.219  .059
1983 07 21 1367.864  .059
1983 07 22 1367.597  .080
1983 07 23 1367.716  .056
1983 07 24 1367.855  .055
1983 07 25 1367.565  .091
1983 07 26 1367.674  .053
1983 07 27 1368.065  .075
1983 07 28 1367.609  .088
1983 07 29 1367.658  .092
1983 07 30 1367.608  .107
1983 07 31 1367.248  .078
1983 08 01 1367.270  .095
1983 08 02 1367.123  .128
1983 08 03 1366.648  .171
1983 08 04 1367.182  .088
1983 08 05 1367.709  .163
1983 08 06 1367.743  .086
1983 08 07 1367.793  .166
1983 08 08 1368.177  .158
1983 08 09 1367.964  .096
1983 08 10 1367.031  .148
1983 08 11 1367.777  .064
1983 08 12 1367.438  .078
1983 08 13 1367.539  .062
1983 08 14 1367.769  .081
1983 08 15 1367.973  .108
1983 08 16 1367.153  .166
1983 08 17 1368.295  .111
1983 08 18 1368.156  .221
1983 08 19 1368.044  .104
1983 08 20               
1983 08 21 1367.623  .136
1983 08 22 1367.816  .119
1983 08 23 1367.419  .078
1983 08 24 1368.227  .132
1983 08 25 1367.848  .126
1983 08 26 1367.381  .175
1983 08 27 1367.845  .111
1983 08 28 1367.682  .078
1983 08 29 1367.578  .201
1983 08 30 1367.686  .151
1983 08 31 1367.551  .072
1983 09 01 1367.895  .119
1983 09 02 1367.640  .120
1983 09 03 1367.860  .104
1983 09 04 1367.680  .312
1983 09 05 1367.763  .050
1983 09 06 1367.174  .113
1983 09 07               
1983 09 08 1367.784  .054
1983 09 09 1367.745  .063
1983 09 10 1367.824  .076
1983 09 11 1368.213  .060
1983 09 12 1368.166  .087
1983 09 13 1367.614  .106
1983 09 14 1367.768  .143
1983 09 15 1367.724  .105
1983 09 16 1367.443  .117
1983 09 17 1367.704  .064
1983 09 18 1367.618  .180
1983 09 19 1366.810  .191
1983 09 20 1367.828  .092
1983 09 21 1367.992  .174
1983 09 22 1368.064  .134
1983 09 23               
1983 09 24               
1983 09 25               
1983 09 26               
1983 09 27               
1983 09 28               
1983 09 29               
1983 09 30               
1983 10 01               
1983 10 02               
1983 10 03 1367.592  .106
1983 10 04 1367.874  .132
1983 10 05 1367.765  .094
1983 10 06 1367.222  .105
1983 10 07 1367.357  .092
1983 10 08 1366.662  .153
1983 10 09 1367.661  .069
1983 10 10 1367.648  .121
1983 10 11 1367.725  .067
1983 10 12 1367.901  .101
1983 10 13 1367.886  .100
1983 10 14 1368.079  .098
1983 10 15               
1983 10 16               
1983 10 17 1367.896  .051
1983 10 18 1367.324  .115
1983 10 19 1366.980  .034
1983 10 20 1367.556  .088
1983 10 21 1367.243  .127
1983 10 22 1367.841  .077
1983 10 23 1367.592  .079
1983 10 24 1367.027  .121
1983 10 25 1367.257  .112
1983 10 26 1367.008  .153
1983 10 27 1367.669  .091
1983 10 28 1367.389  .074
1983 10 29 1367.079  .179
1983 10 30 1367.527  .143
1983 10 31 1367.854  .091
1983 11 01               
1983 11 02 1366.996  .064
1983 11 03 1368.032  .209
1983 11 04               
1983 11 05               
1983 11 06               
1983 11 07               
1983 11 08               
1983 11 09               
1983 11 10               
1983 11 11               
1983 11 12               
1983 11 13               
1983 11 14               
1983 11 15               
1983 11 16               
1983 11 17               
1983 11 18               
1983 11 19               
1983 11 20               
1983 11 21               
1983 11 22               
1983 11 23               
1983 11 24               
1983 11 25               
1983 11 26               
1983 11 27               
1983 11 28               
1983 11 29               
1983 11 30               
1983 12 01               
1983 12 02               
1983 12 03               
1983 12 04 1367.711  .111
1983 12 05               
1983 12 06               
1983 12 07               
1983 12 08               
1983 12 09               
1983 12 10               
1983 12 11               
1983 12 12               
1983 12 13               
1983 12 14               
1983 12 15               
1983 12 16               
1983 12 17               
1983 12 18               
1983 12 19               
1983 12 20 1367.859  .081
1983 12 21 1368.404  .064
1983 12 22               
1983 12 23               
1983 12 24               
1983 12 25 1367.966  .063
1983 12 26               
1983 12 27               
1983 12 28               
1983 12 29               
1983 12 30               
1983 12 31               
1984 01 01               
1984 01 02               
1984 01 03               
1984 01 04               
1984 01 05               
1984 01 06               
1984 01 07               
1984 01 08               
1984 01 09               
1984 01 10               
1984 01 11               
1984 01 12               
1984 01 13               
1984 01 14 1366.746  .122
1984 01 15               
1984 01 16 1366.851  .119
1984 01 17               
1984 01 18               
1984 01 19               
1984 01 20               
1984 01 21               
1984 01 22               
1984 01 23               
1984 01 24 1365.774  .111
1984 01 25 1365.846  .135
1984 01 26               
1984 01 27               
1984 01 28               
1984 01 29               
1984 01 30               
1984 01 31               
1984 02 01               
1984 02 02               
1984 02 03               
1984 02 04               
1984 02 05               
1984 02 06               
1984 02 07               
1984 02 08               
1984 02 09               
1984 02 10               
1984 02 11               
1984 02 12               
1984 02 13               
1984 02 14               
1984 02 15               
1984 02 16               
1984 02 17               
1984 02 18 1367.485  .102
1984 02 19               
1984 02 20 1367.211  .178
1984 02 21 1366.498  .139
1984 02 22 1366.676  .091
1984 02 23               
1984 02 24               
1984 02 25               
1984 02 26               
1984 02 27               
1984 02 28               
1984 02 29               
1984 03 01               
1984 03 02               
1984 03 03               
1984 03 04               
1984 03 05               
1984 03 06               
1984 03 07               
1984 03 08               
1984 03 09               
1984 03 10               
1984 03 11               
1984 03 12               
1984 03 13               
1984 03 14               
1984 03 15               
1984 03 16               
1984 03 17               
1984 03 18               
1984 03 19               
1984 03 20               
1984 03 21               
1984 03 22               
1984 03 23               
1984 03 24               
1984 03 25               
1984 03 26               
1984 03 27               
1984 03 28               
1984 03 29               
1984 03 30               
1984 03 31               
1984 04 01               
1984 04 02               
1984 04 03               
1984 04 04               
1984 04 05               
1984 04 06               
1984 04 07               
1984 04 08               
1984 04 09               
1984 04 10               
1984 04 11               
1984 04 12               
1984 04 13               
1984 04 14               
1984 04 15               
1984 04 16               
1984 04 17               
1984 04 18               
1984 04 19               
1984 04 20               
1984 04 21               
1984 04 22               
1984 04 23               
1984 04 24               
1984 04 25               
1984 04 26 1364.903  .010
1984 04 27               
1984 04 28               
1984 04 29               
1984 04 30               
1984 05 01 1366.245  .004
1984 05 02               
1984 05 03 1367.257  .004
1984 05 04 1367.505  .004
1984 05 05 1367.538  .004
1984 05 06 1367.519  .004
1984 05 07 1367.317  .004
1984 05 08 1366.980  .004
1984 05 09 1366.559  .005
1984 05 10 1366.186  .005
1984 05 11 1366.000  .004
1984 05 12 1366.086  .005
1984 05 13               
1984 05 14 1366.653  .005
1984 05 15               
1984 05 16 1367.522  .001
1984 05 17 1367.647  .004
1984 05 18 1367.792  .005
1984 05 19 1367.757  .003
1984 05 20 1367.718  .005
1984 05 21 1367.591  .004
1984 05 22 1367.432  .005
1984 05 23 1367.254  .004
1984 05 24 1367.137  .004
1984 05 25 1367.173  .005
1984 05 26 1367.366  .005
1984 05 27 1367.618  .004
1984 05 28 1367.762  .004
1984 05 29 1367.663  .005
1984 05 30 1367.524  .012
1984 05 31 1367.235  .004
1984 06 01 1367.212  .005
1984 06 02 1367.463  .004
1984 06 03 1367.563  .004
1984 06 04 1367.704  .004
1984 06 05 1367.754  .009
1984 06 06 1367.755  .008
1984 06 07 1367.669  .009
1984 06 08 1367.665  .007
1984 06 09 1367.680  .010
1984 06 10 1367.786  .009
1984 06 11 1367.822  .008
1984 06 12 1367.836  .029
1984 06 13 1367.726  .010
1984 06 14 1367.618  .013
1984 06 15 1367.459  .009
1984 06 16 1367.485  .006
1984 06 17 1367.527  .012
1984 06 18 1367.460  .011
1984 06 19 1367.276  .007
1984 06 20 1367.245  .005
1984 06 21 1367.347  .008
1984 06 22 1367.351  .008
1984 06 23 1367.301  .004
1984 06 24 1367.297  .005
1984 06 25               
1984 06 26               
1984 06 27 1367.194  .004
1984 06 28 1367.263  .006
1984 06 29 1367.373  .004
1984 06 30 1367.438  .004
1984 07 01 1367.470  .004
1984 07 02 1367.588  .004
1984 07 03 1367.525  .005
1984 07 04 1367.624  .004
1984 07 05 1367.672  .005
1984 07 06 1367.671  .002
1984 07 07 1367.646  .004
1984 07 08 1367.626  .004
1984 07 09 1367.593  .004
1984 07 10 1367.505  .004
1984 07 11 1367.473  .005
1984 07 12 1367.543  .005
1984 07 13 1367.637  .004
1984 07 14 1367.620  .005
1984 07 15 1367.606  .004
1984 07 16 1367.549  .004
1984 07 17 1367.512  .005
1984 07 18 1367.467  .005
1984 07 19 1367.456  .004
1984 07 20 1367.448  .004
1984 07 21 1367.386  .004
1984 07 22 1367.366  .004
1984 07 23 1367.351  .004
1984 07 24 1367.350  .004
1984 07 25 1367.376  .004
1984 07 26 1367.376  .004
1984 07 27 1367.364  .004
1984 07 28 1367.380  .004
1984 07 29 1367.418  .004
1984 07 30 1367.496  .004
1984 07 31 1367.548  .004
1984 08 01 1367.568  .004
1984 08 02 1367.609  .005
1984 08 03 1367.576  .005
1984 08 04 1367.606  .005
1984 08 05 1367.626  .006
1984 08 06 1367.660  .005
1984 08 07 1367.560  .004
1984 08 08 1367.470  .004
1984 08 09 1367.389  .005
1984 08 10 1367.375  .005
1984 08 11 1367.456  .006
1984 08 12 1367.524  .005
1984 08 13 1367.580  .005
1984 08 14 1367.547  .004
1984 08 15 1367.448  .005
1984 08 16 1367.350  .004
1984 08 17 1367.296  .006
1984 08 18 1367.243  .004
1984 08 19 1367.189  .004
1984 08 20 1367.174  .005
1984 08 21 1367.200  .004
1984 08 22 1367.213  .005
1984 08 23 1367.187  .005
1984 08 24 1367.203  .004
1984 08 25 1367.156  .004
1984 08 26 1367.214  .004
1984 08 27 1367.265  .005
1984 08 28 1367.223  .006
1984 08 29 1367.162  .010
1984 08 30               
1984 08 31               
1984 09 01               
1984 09 02               
1984 09 03               
1984 09 04               
1984 09 05               
1984 09 06 1367.575  .004
1984 09 07 1367.557  .004
1984 09 08 1367.551  .004
1984 09 09 1367.518  .004
1984 09 10 1367.600  .004
1984 09 11 1367.597  .004
1984 09 12 1367.350  .004
1984 09 13 1367.265  .004
1984 09 14 1367.184  .004
1984 09 15 1367.186  .005
1984 09 16 1367.192  .007
1984 09 17 1367.223  .005
1984 09 18 1367.241  .005
1984 09 19 1367.290  .004
1984 09 20 1367.237  .005
1984 09 21 1367.270  .004
1984 09 22 1367.248  .005
1984 09 23 1367.316  .004
1984 09 24 1367.336  .004
1984 09 25 1367.318  .003
1984 09 26 1367.352  .004
1984 09 27 1367.335  .004
1984 09 28 1367.337  .005
1984 09 29 1367.381  .004
1984 09 30 1367.379  .004
1984 10 01 1367.382  .005
1984 10 02 1367.405  .004
1984 10 03 1367.369  .004
1984 10 04 1367.401  .005
1984 10 05 1367.373  .004
1984 10 06 1367.356  .005
1984 10 07 1367.387  .004
1984 10 08 1367.343  .005
1984 10 09 1367.252  .004
1984 10 10 1367.191  .005
1984 10 11 1367.210  .005
1984 10 12 1367.179  .005
1984 10 13 1367.198  .006
1984 10 14 1367.201  .004
1984 10 15 1367.129  .004
1984 10 16 1367.088  .004
1984 10 17 1367.060  .004
1984 10 18 1367.137  .004
1984 10 19 1367.133  .004
1984 10 20 1367.137  .004
1984 10 21 1367.195  .004
1984 10 22 1367.225  .004
1984 10 23 1367.273  .004
1984 10 24 1367.291  .004
1984 10 25 1367.285  .004
1984 10 26 1367.250  .004
1984 10 27 1367.262  .004
1984 10 28 1367.236  .004
1984 10 29 1367.171  .004
1984 10 30 1367.195  .005
1984 10 31 1367.197  .005
1984 11 01 1367.177  .004
1984 11 02 1367.200  .004
1984 11 03 1367.217  .004
1984 11 04 1367.216  .004
1984 11 05 1367.272  .004
1984 11 06 1367.295  .004
1984 11 07 1367.269  .005
1984 11 08 1367.164  .005
1984 11 09 1367.191  .004
1984 11 10 1367.179  .005
1984 11 11 1367.211  .005
1984 11 12 1367.234  .004
1984 11 13 1366.855  .005
1984 11 14 1367.260  .005
1984 11 15               
1984 11 16 1367.283  .004
1984 11 17 1367.283  .004
1984 11 18 1367.316  .004
1984 11 19 1367.355  .004
1984 11 20 1367.291  .004
1984 11 21 1367.219  .004
1984 11 22 1367.183  .004
1984 11 23 1367.104  .004
1984 11 24 1367.044  .004
1984 11 25 1366.886  .004
1984 11 26 1366.780  .004
1984 11 27 1366.763  .004
1984 11 28 1366.907  .004
1984 11 29 1367.093  .004
1984 11 30 1367.223  .004
1984 12 01 1367.337  .004
1984 12 02 1367.390  .004
1984 12 03 1367.347  .004
1984 12 04 1367.250  .004
1984 12 05 1367.219  .004
1984 12 06 1367.233  .004
1984 12 07 1367.197  .004
1984 12 08 1367.208  .004
1984 12 09 1367.230  .004
1984 12 10 1367.234  .004
1984 12 11 1367.129  .004
1984 12 12 1367.090  .005
1984 12 13 1367.125  .004
1984 12 14 1367.144  .004
1984 12 15 1367.196  .004
1984 12 16 1367.095  .003
1984 12 17 1367.140  .004
1984 12 18 1367.183  .004
1984 12 19 1367.243  .004
1984 12 20 1367.260  .004
1984 12 21 1367.204  .004
1984 12 22 1367.205  .004
1984 12 23               
1984 12 24 1367.128  .005
1984 12 25 1367.147  .004
1984 12 26 1367.216  .004
1984 12 27 1367.200  .004
1984 12 28               
1984 12 29 1367.217  .004
1984 12 30               
1984 12 31 1367.250  .004
1985 01 01 1367.358  .004
1985 01 02 1367.420  .004
1985 01 03 1367.312  .004
1985 01 04 1367.381  .004
1985 01 05 1367.366  .004
1985 01 06               
1985 01 07 1367.328  .004
1985 01 08               
1985 01 09 1367.237  .014
1985 01 10 1367.172  .005
1985 01 11 1367.156  .004
1985 01 12 1367.167  .004
1985 01 13 1367.067  .005
1985 01 14 1367.005  .005
1985 01 15 1367.006  .004
1985 01 16 1366.969  .003
1985 01 17 1366.961  .005
1985 01 18 1367.061  .004
1985 01 19 1367.006  .007
1985 01 20 1366.742  .004
1985 01 21 1366.700  .004
1985 01 22 1366.851  .005
1985 01 23 1367.092  .004
1985 01 24 1367.155  .006
1985 01 25 1367.121  .004
1985 01 26 1367.077  .004
1985 01 27 1367.071  .004
1985 01 28 1367.096  .004
1985 01 29 1367.060  .004
1985 01 30 1367.070  .004
1985 01 31 1367.071  .004
1985 02 01 1367.052  .004
1985 02 02 1366.964  .004
1985 02 03 1367.090  .004
1985 02 04 1367.220  .004
1985 02 05 1367.178  .005
1985 02 06 1367.172  .004
1985 02 07 1367.148  .005
1985 02 08 1367.172  .004
1985 02 09 1367.257  .005
1985 02 10 1367.291  .004
1985 02 11 1367.246  .004
1985 02 12 1367.226  .004
1985 02 13 1367.186  .004
1985 02 14 1367.163  .004
1985 02 15 1367.158  .005
1985 02 16 1367.148  .004
1985 02 17 1367.158  .004
1985 02 18 1367.200  .004
1985 02 19 1367.196  .004
1985 02 20 1367.178  .004
1985 02 21 1367.132  .004
1985 02 22 1367.090  .004
1985 02 23 1367.092  .005
1985 02 24 1367.059  .005
1985 02 25 1367.024  .004
1985 02 26 1367.012  .004
1985 02 27 1367.011  .004
1985 02 28 1367.063  .006
1985 03 01 1367.090  .004
1985 03 02 1367.184  .005
1985 03 03 1367.040  .005
1985 03 04 1366.999  .004
1985 03 05 1367.006  .005
1985 03 06 1367.034  .004
1985 03 07 1367.003  .004
1985 03 08 1367.026  .004
1985 03 09 1367.048  .004
1985 03 10 1367.086  .004
1985 03 11 1367.026  .010
1985 03 12 1367.068  .005
1985 03 13 1367.073  .004
1985 03 14 1367.078  .004
1985 03 15 1367.039  .005
1985 03 16 1367.056  .005
1985 03 17 1367.044  .004
1985 03 18 1367.096  .004
1985 03 19 1367.113  .004
1985 03 20 1367.118  .004
1985 03 21 1367.144  .004
1985 03 22 1367.136  .004
1985 03 23 1367.138  .004
1985 03 24 1367.088  .004
1985 03 25 1366.978  .005
1985 03 26 1366.933  .004
1985 03 27 1366.897  .007
1985 03 28 1366.873  .005
1985 03 29 1366.915  .004
1985 03 30 1366.936  .013
1985 03 31 1367.010  .006
1985 04 01 1367.036  .005
1985 04 02 1367.110  .005
1985 04 03 1366.993  .004
1985 04 04 1366.965  .004
1985 04 05 1366.994  .007
1985 04 06 1367.048  .005
1985 04 07 1366.971  .004
1985 04 08 1366.996  .004
1985 04 09 1366.988  .006
1985 04 10 1367.010  .005
1985 04 11 1366.965  .004
1985 04 12 1366.962  .006
1985 04 13 1366.986  .006
1985 04 14 1366.989  .007
1985 04 15 1366.982  .003
1985 04 16 1367.009  .005
1985 04 17 1367.077  .007
1985 04 18 1367.028  .005
1985 04 19 1367.061  .005
1985 04 20 1367.094  .004
1985 04 21 1367.034  .005
1985 04 22 1366.787  .005
1985 04 23 1366.529  .005
1985 04 24 1366.344  .004
1985 04 25 1366.290  .005
1985 04 26 1366.300  .004
1985 04 27 1366.494  .004
1985 04 28 1366.752  .004
1985 04 29 1366.856  .005
1985 04 30 1366.961  .004
1985 05 01 1367.196  .005
1985 05 02 1367.199  .004
1985 05 03 1367.087  .005
1985 05 04 1367.105  .005
1985 05 05 1367.067  .006
1985 05 06 1367.005  .005
1985 05 07 1367.017  .004
1985 05 08 1366.910  .004
1985 05 09 1366.882  .004
1985 05 10 1366.796  .005
1985 05 11 1366.658  .006
1985 05 12 1366.618  .005
1985 05 13 1366.569  .004
1985 05 14 1366.592  .004
1985 05 15 1366.695  .004
1985 05 16 1366.881  .005
1985 05 17               
1985 05 18               
1985 05 19 1367.100  .004
1985 05 20 1366.969  .004
1985 05 21 1366.917  .006
1985 05 22 1366.946  .005
1985 05 23 1366.996  .005
1985 05 24 1367.038  .005
1985 05 25 1367.069  .005
1985 05 26 1367.098  .004
1985 05 27 1367.099  .005
1985 05 28 1367.033  .005
1985 05 29 1366.956  .005
1985 05 30 1366.942  .004
1985 05 31 1367.158  .034
1985 06 01 1367.002  .005
1985 06 02 1366.995  .004
1985 06 03 1367.023  .004
1985 06 04 1367.037  .001
1985 06 05 1367.034  .022
1985 06 06 1367.024  .005
1985 06 07 1366.928  .004
1985 06 08 1367.068  .013
1985 06 09 1366.873  .005
1985 06 10 1366.800  .005
1985 06 11 1366.823  .004
1985 06 12 1367.043  .004
1985 06 13 1367.143  .005
1985 06 14               
1985 06 15 1367.269  .004
1985 06 16 1367.281  .004
1985 06 17 1367.245  .005
1985 06 18 1367.166  .005
1985 06 19 1367.114  .004
1985 06 20 1367.079  .005
1985 06 21 1367.046  .005
1985 06 22 1367.043  .004
1985 06 23 1366.913  .035
1985 06 24 1366.952  .006
1985 06 25 1366.908  .005
1985 06 26 1366.922  .005
1985 06 27 1366.878  .004
1985 06 28 1366.903  .007
1985 06 29 1366.944  .005
1985 06 30 1367.056  .005
1985 07 01 1367.128  .005
1985 07 02 1367.192  .005
1985 07 03 1366.999  .005
1985 07 04 1367.010  .005
1985 07 05 1366.895  .004
1985 07 06 1366.709  .005
1985 07 07 1366.503  .004
1985 07 08 1366.531  .005
1985 07 09 1366.638  .005
1985 07 10 1366.783  .004
1985 07 11 1367.007  .005
1985 07 12 1367.063  .005
1985 07 13 1367.050  .005
1985 07 14 1367.005  .005
1985 07 15 1366.963  .004
1985 07 16 1366.972  .004
1985 07 17 1366.984  .005
1985 07 18 1366.977  .005
1985 07 19 1366.969  .009
1985 07 20 1367.022  .004
1985 07 21 1367.014  .004
1985 07 22 1366.968  .005
1985 07 23 1366.967  .004
1985 07 24 1366.952  .004
1985 07 25 1366.995  .004
1985 07 26 1367.052  .005
1985 07 27 1367.181  .004
1985 07 28 1367.215  .005
1985 07 29 1367.281  .005
1985 07 30 1367.242  .004
1985 07 31 1367.253  .004
1985 08 01 1367.185  .005
1985 08 02 1367.182  .005
1985 08 03 1367.240  .004
1985 08 04 1367.210  .004
1985 08 05 1367.236  .004
1985 08 06 1367.257  .005
1985 08 07 1367.240  .005
1985 08 08 1367.181  .005
1985 08 09 1367.035  .006
1985 08 10 1366.983  .005
1985 08 11 1366.927  .004
1985 08 12 1366.917  .005
1985 08 13 1366.896  .003
1985 08 14 1366.944  .004
1985 08 15 1366.964  .004
1985 08 16 1366.949  .004
1985 08 17 1366.923  .005
1985 08 18 1366.879  .005
1985 08 19 1366.908  .004
1985 08 20 1366.882  .004
1985 08 21 1366.967  .004
1985 08 22 1366.950  .004
1985 08 23 1367.038  .004
1985 08 24 1367.084  .005
1985 08 25 1367.115  .004
1985 08 26 1367.129  .005
1985 08 27 1367.142  .004
1985 08 28 1367.127  .004
1985 08 29 1367.138  .004
1985 08 30 1367.148  .004
1985 08 31 1367.127  .004
1985 09 01 1367.156  .006
1985 09 02 1367.344  .004
1985 09 03 1367.106  .004
1985 09 04 1367.048  .005
1985 09 05 1366.992  .004
1985 09 06 1367.022  .005
1985 09 07 1367.013  .005
1985 09 08 1366.966  .005
1985 09 09 1366.985  .004
1985 09 10 1367.005  .004
1985 09 11 1366.991  .004
1985 09 12 1366.979  .005
1985 09 13 1367.045  .004
1985 09 14 1367.007  .004
1985 09 15 1366.996  .004
1985 09 16 1366.986  .005
1985 09 17 1366.960  .005
1985 09 18 1366.943  .005
1985 09 19 1366.971  .004
1985 09 20 1366.989  .004
1985 09 21 1367.071  .005
1985 09 22 1367.072  .004
1985 09 23 1367.076  .005
1985 09 24               
1985 09 25 1367.027  .004
1985 09 26 1367.021  .004
1985 09 27 1366.915  .010
1985 09 28 1367.005  .004
1985 09 29 1366.983  .004
1985 09 30 1367.018  .005
1985 10 01 1367.032  .004
1985 10 02 1366.913  .004
1985 10 03 1366.938  .004
1985 10 04 1366.918  .005
1985 10 05 1366.867  .005
1985 10 06 1366.918  .004
1985 10 07 1366.951  .004
1985 10 08 1366.929  .004
1985 10 09 1366.901  .005
1985 10 10               
1985 10 11 1366.954  .004
1985 10 12 1366.952  .004
1985 10 13 1366.894  .004
1985 10 14 1366.934  .005
1985 10 15 1366.956  .005
1985 10 16 1367.076  .005
1985 10 17 1367.052  .005
1985 10 18 1367.017  .004
1985 10 19 1366.916  .004
1985 10 20 1366.803  .004
1985 10 21 1366.689  .004
1985 10 22 1366.459  .005
1985 10 23               
1985 10 24 1366.703  .004
1985 10 25 1366.997  .004
1985 10 26 1367.141  .004
1985 10 27 1367.137  .004
1985 10 28 1367.073  .004
1985 10 29 1366.999  .004
1985 10 30 1366.926  .004
1985 10 31 1366.928  .004
1985 11 01 1366.992  .005
1985 11 02 1367.058  .005
1985 11 03 1366.967  .004
1985 11 04 1366.955  .004
1985 11 05 1366.926  .005
1985 11 06 1366.888  .005
1985 11 07 1366.924  .005
1985 11 08 1366.949  .008
1985 11 09 1366.938  .005
1985 11 10 1366.986  .005
1985 11 11 1367.024  .004
1985 11 12 1367.066  .005
1985 11 13 1367.142  .004
1985 11 14 1367.072  .009
1985 11 15 1366.963  .004
1985 11 16               
1985 11 17 1366.991  .004
1985 11 18 1367.034  .005
1985 11 19 1367.089  .004
1985 11 20 1367.137  .004
1985 11 21 1367.210  .004
1985 11 22 1367.255  .004
1985 11 23               
1985 11 24 1367.133  .003
1985 11 25 1367.093  .004
1985 11 26               
1985 11 27               
1985 11 28               
1985 11 29               
1985 11 30               
1985 12 01               
1985 12 02               
1985 12 03 1366.767  .007
1985 12 04 1366.901  .004
1985 12 05 1366.946  .005
1985 12 06 1366.979  .005
1985 12 07 1367.003  .004
1985 12 08 1367.032  .004
1985 12 09 1367.134  .005
1985 12 10 1367.253  .004
1985 12 11 1367.224  .004
1985 12 12 1367.195  .004
1985 12 13 1367.181  .004
1985 12 14 1367.164  .004
1985 12 15 1367.111  .004
1985 12 16 1367.011  .004
1985 12 17 1367.030  .004
1985 12 18 1367.132  .005
1985 12 19 1367.210  .004
1985 12 20 1367.149  .004
1985 12 21 1367.105  .004
1985 12 22 1367.036  .004
1985 12 23 1367.005  .007
1985 12 24 1366.874  .005
1985 12 25 1366.898  .004
1985 12 26 1366.935  .004
1985 12 27 1366.984  .004
1985 12 28 1366.997  .004
1985 12 29 1366.991  .004
1985 12 30 1366.989  .005
1985 12 31 1366.979  .004
1986 01 01 1366.958  .004
1986 01 02 1366.988  .004
1986 01 03 1367.111  .005
1986 01 04 1367.112  .004
1986 01 05 1367.197  .004
1986 01 06 1367.261  .004
1986 01 07 1367.334  .004
1986 01 08 1367.433  .009
1986 01 09               
1986 01 10               
1986 01 11               
1986 01 12               
1986 01 13               
1986 01 14               
1986 01 15               
1986 01 16               
1986 01 17               
1986 01 18               
1986 01 19               
1986 01 20               
1986 01 21               
1986 01 22 1366.901  .006
1986 01 23 1366.900  .004
1986 01 24 1366.907  .004
1986 01 25 1366.945  .005
1986 01 26 1366.886  .004
1986 01 27 1366.890  .004
1986 01 28 1366.864  .005
1986 01 29 1366.849  .008
1986 01 30 1366.959  .003
1986 01 31 1367.060  .004
1986 02 01 1367.089  .004
1986 02 02 1366.959  .004
1986 02 03 1366.668  .005
1986 02 04 1366.613  .004
1986 02 05 1366.622  .004
1986 02 06 1366.710  .004
1986 02 07 1366.896  .004
1986 02 08 1366.988  .011
1986 02 09 1367.031  .004
1986 02 10 1366.951  .004
1986 02 11 1366.828  .004
1986 02 12 1366.805  .004
1986 02 13 1366.983  .005
1986 02 14 1367.042  .005
1986 02 15 1366.983  .005
1986 02 16 1366.999  .004
1986 02 17 1367.011  .004
1986 02 18 1367.002  .005
1986 02 19 1366.905  .005
1986 02 20 1366.981  .004
1986 02 21 1366.985  .003
1986 02 22 1367.029  .004
1986 02 23 1367.008  .004
1986 02 24 1367.003  .005
1986 02 25 1367.011  .004
1986 02 26 1367.022  .002
1986 02 27 1367.057  .004
1986 02 28 1367.110  .004
1986 03 01 1367.295  .004
1986 03 02 1367.391  .005
1986 03 03 1367.132  .004
1986 03 04 1367.033  .004
1986 03 05 1366.911  .005
1986 03 06 1366.864  .004
1986 03 07 1366.899  .005
1986 03 08 1366.988  .005
1986 03 09 1367.112  .004
1986 03 10 1367.154  .005
1986 03 11 1367.169  .005
1986 03 12 1367.076  .004
1986 03 13 1366.947  .004
1986 03 14               
1986 03 15 1366.874  .005
1986 03 16 1366.895  .005
1986 03 17 1366.879  .005
1986 03 18 1366.870  .004
1986 03 19 1366.890  .005
1986 03 20 1366.948  .005
1986 03 21 1366.964  .004
1986 03 22 1366.959  .004
1986 03 23 1366.965  .004
1986 03 24 1366.948  .004
1986 03 25 1366.988  .004
1986 03 26 1366.998  .004
1986 03 27 1367.019  .004
1986 03 28 1367.066  .004
1986 03 29 1367.139  .004
1986 03 30 1367.150  .004
1986 03 31 1367.128  .004
1986 04 01 1367.150  .004
1986 04 02 1367.089  .004
1986 04 03 1367.034  .004
1986 04 04 1367.079  .009
1986 04 05 1367.062  .004
1986 04 06 1367.010  .004
1986 04 07 1367.013  .005
1986 04 08 1367.022  .005
1986 04 09 1367.020  .004
1986 04 10 1366.903  .001
1986 04 11 1366.941  .005
1986 04 12 1366.905  .005
1986 04 13 1366.877  .004
1986 04 14 1366.999  .005
1986 04 15 1367.042  .005
1986 04 16 1367.097  .004
1986 04 17 1367.067  .005
1986 04 18 1367.012  .005
1986 04 19 1366.933  .005
1986 04 20 1366.907  .004
1986 04 21 1366.908  .005
1986 04 22 1366.951  .009
1986 04 23 1366.820  .018
1986 04 24               
1986 04 25               
1986 04 26               
1986 04 27               
1986 04 28               
1986 04 29               
1986 04 30               
1986 05 01 1367.028  .014
1986 05 02 1367.155  .057
1986 05 03 1367.336  .093
1986 05 04 1367.030  .007
1986 05 05 1367.017  .037
1986 05 06 1367.203  .000
1986 05 07 1366.904  .016
1986 05 08 1366.960  .005
1986 05 09 1366.916  .009
1986 05 10 1366.968  .025
1986 05 11 1367.058  .044
1986 05 12 1367.148  .058
1986 05 13 1366.969  .008
1986 05 14 1366.939  .006
1986 05 15 1366.974  .047
1986 05 16 1367.035  .010
1986 05 17 1366.996  .012
1986 05 18 1367.026  .005
1986 05 19 1367.084  .038
1986 05 20 1367.155  .017
1986 05 21 1367.215  .010
1986 05 22 1367.343  .064
1986 05 23 1367.193  .006
1986 05 24 1367.109  .006
1986 05 25 1367.070  .006
1986 05 26 1367.052  .013
1986 05 27 1367.026  .007
1986 05 28 1367.074  .005
1986 05 29 1367.050  .015
1986 05 30 1366.994  .008
1986 05 31 1366.926  .007
1986 06 01               
1986 06 02 1367.051  .515
1986 06 03 1367.000  .081
1986 06 04 1366.848  .010
1986 06 05 1366.820  .016
1986 06 06 1366.912  .013
1986 06 07 1367.066  .119
1986 06 08 1366.901  .014
1986 06 09 1367.073  .109
1986 06 10 1366.948  .055
1986 06 11 1366.938  .010
1986 06 12               
1986 06 13 1366.968  .010
1986 06 14 1367.115  .026
1986 06 15 1367.048  .014
1986 06 16 1367.173  .028
1986 06 17 1367.410  .222
1986 06 18 1367.112  .009
1986 06 19 1367.169  .000
1986 06 20 1367.130  .017
1986 06 21 1367.175  .027
1986 06 22 1367.094  .022
1986 06 23 1367.135  .017
1986 06 24 1367.066  .015
1986 06 25 1367.002  .007
1986 06 26 1366.920  .007
1986 06 27 1366.904  .009
1986 06 28 1366.894  .004
1986 06 29 1366.959  .027
1986 06 30 1367.109  .111
1986 07 01 1366.877  .007
1986 07 02 1367.043  .015
1986 07 03 1367.267  .094
1986 07 04 1367.205  .128
1986 07 05 1367.159  .188
1986 07 06 1366.854  .013
1986 07 07 1366.942  .032
1986 07 08 1366.874  .028
1986 07 09 1366.895  .049
1986 07 10 1366.816  .020
1986 07 11 1366.782  .016
1986 07 12 1366.929  .036
1986 07 13 1366.921  .009
1986 07 14 1366.940  .005
1986 07 15 1367.011  .007
1986 07 16 1367.128  .023
1986 07 17 1367.128  .028
1986 07 18 1367.038  .004
1986 07 19 1367.165  .033
1986 07 20 1367.001  .015
1986 07 21 1366.986  .014
1986 07 22 1366.962  .034
1986 07 23 1366.948  .010
1986 07 24 1366.920  .020
1986 07 25 1366.935  .011
1986 07 26 1366.942  .005
1986 07 27 1366.899  .006
1986 07 28 1366.892  .005
1986 07 29 1366.898  .010
1986 07 30 1366.877  .035
1986 07 31               
1986 08 01 1366.792  .006
1986 08 02 1366.819  .008
1986 08 03 1366.933  .072
1986 08 04 1366.857  .026
1986 08 05 1366.995  .043
1986 08 06 1366.930  .009
1986 08 07 1367.056  .022
1986 08 08 1367.005  .007
1986 08 09 1366.977  .014
1986 08 10 1366.970  .008
1986 08 11 1367.046  .007
1986 08 12 1367.023  .014
1986 08 13 1367.042  .008
1986 08 14 1367.064  .024
1986 08 15 1367.000  .008
1986 08 16 1366.879  .091
1986 08 17 1366.946  .014
1986 08 18 1366.927  .008
1986 08 19 1366.950  .011
1986 08 20 1366.914  .020
1986 08 21 1366.889  .008
1986 08 22 1366.908  .010
1986 08 23 1366.904  .012
1986 08 24 1367.069  .028
1986 08 25 1366.912  .008
1986 08 26 1367.006  .036
1986 08 27 1366.835  .027
1986 08 28 1366.799  .005
1986 08 29 1366.820  .013
1986 08 30 1366.943  .037
1986 08 31 1366.837  .018
1986 09 01 1366.879  .006
1986 09 02 1367.089  .016
1986 09 03 1366.865  .010
1986 09 04 1366.918  .017
1986 09 05 1366.921  .009
1986 09 06 1366.943  .013
1986 09 07 1366.982  .011
1986 09 08 1366.924  .013
1986 09 09 1366.937  .014
1986 09 10 1366.946  .016
1986 09 11 1366.946  .017
1986 09 12 1366.941  .026
1986 09 13 1366.955  .015
1986 09 14 1367.124  .055
1986 09 15 1366.970  .009
1986 09 16 1366.926  .014
1986 09 17 1366.941  .013
1986 09 18 1366.964  .011
1986 09 19 1366.927  .014
1986 09 20 1366.999  .010
1986 09 21 1366.978  .007
1986 09 22 1366.997  .018
1986 09 23 1366.996  .034
1986 09 24 1367.092  .086
1986 09 25 1367.043  .017
1986 09 26 1366.983  .016
1986 09 27 1366.989  .011
1986 09 28 1366.930  .007
1986 09 29 1366.941  .004
1986 09 30 1367.017  .010
1986 10 01 1367.137  .032
1986 10 02 1366.977  .008
1986 10 03 1367.045  .025
1986 10 04 1366.932  .000
1986 10 05 1367.316  .050
1986 10 06 1366.990  .005
1986 10 07 1367.157  .038
1986 10 08               
1986 10 09 1367.097  .044
1986 10 10 1367.015  .007
1986 10 11 1367.053  .018
1986 10 12 1367.036  .010
1986 10 13 1366.950  .012
1986 10 14 1366.907  .008
1986 10 15 1366.874  .009
1986 10 16 1367.060  .025
1986 10 17 1367.000  .009
1986 10 18 1366.997  .007
1986 10 19 1366.903  .017
1986 10 20 1366.861  .036
1986 10 21 1366.845  .032
1986 10 22 1366.811  .015
1986 10 23 1366.827  .007
1986 10 24 1366.776  .006
1986 10 25 1366.917  .014
1986 10 26 1367.054  .003
1986 10 27 1367.151  .004
1986 10 28 1367.144  .006
1986 10 29 1367.197  .011
1986 10 30 1367.118  .010
1986 10 31 1367.059  .031
1986 11 01 1366.868  .006
1986 11 02 1366.887  .021
1986 11 03 1366.917  .006
1986 11 04 1367.180  .021
1986 11 05 1366.993  .005
1986 11 06 1367.051  .010
1986 11 07 1367.101  .005
1986 11 08 1367.041  .005
1986 11 09 1366.999  .024
1986 11 10 1366.909  .011
1986 11 11 1366.925  .009
1986 11 12 1366.931  .020
1986 11 13               
1986 11 14 1366.991  .009
1986 11 15 1367.096  .023
1986 11 16 1367.204  .022
1986 11 17 1367.134  .011
1986 11 18 1367.164  .005
1986 11 19 1367.122  .011
1986 11 20 1367.139  .009
1986 11 21 1367.188  .025
1986 11 22 1367.172  .009
1986 11 23 1367.194  .004
1986 11 24 1367.276  .007
1986 11 25 1367.272  .020
1986 11 26 1367.244  .007
1986 11 27 1367.216  .010
1986 11 28 1367.241  .010
1986 11 29 1367.215  .009
1986 11 30 1367.235  .007
1986 12 01 1367.230  .006
1986 12 02 1367.262  .026
1986 12 03 1367.193  .012
1986 12 04 1367.188  .024
1986 12 05 1367.069  .017
1986 12 06 1367.155  .025
1986 12 07 1367.018  .007
1986 12 08 1367.014  .006
1986 12 09 1366.940  .012
1986 12 10 1366.933  .007
1986 12 11 1366.950  .006
1986 12 12 1366.967  .004
1986 12 13 1366.982  .008
1986 12 14 1367.083  .023
1986 12 15 1367.051  .022
1986 12 16 1367.119  .034
1986 12 17 1367.054  .006
1986 12 18 1367.020  .025
1986 12 19 1367.018  .004
1986 12 20 1367.056  .009
1986 12 21 1367.075  .006
1986 12 22 1366.993  .011
1986 12 23 1367.024  .005
1986 12 24 1367.094  .104
1986 12 25 1367.000  .004
1986 12 26 1366.978  .004
1986 12 27 1366.957  .008
1986 12 28 1366.980  .005
1986 12 29 1366.915  .008
1986 12 30 1366.931  .007
1986 12 31               
1987 01 01 1366.852  .017
1987 01 02 1367.060  .007
1987 01 03 1366.861  .013
1987 01 04 1366.914  .027
1987 01 05 1366.923  .004
1987 01 06 1366.999  .022
1987 01 07 1366.951  .010
1987 01 08 1366.873  .004
1987 01 09 1366.939  .005
1987 01 10 1366.921  .007
1987 01 11 1366.981  .020
1987 01 12 1366.996  .011
1987 01 13 1367.224  .228
1987 01 14 1367.045  .015
1987 01 15 1367.114  .006
1987 01 16 1367.170  .009
1987 01 17 1367.153  .027
1987 01 18 1367.149  .003
1987 01 19 1367.333  .036
1987 01 20 1367.201  .030
1987 01 21 1367.065  .026
1987 01 22 1367.021  .015
1987 01 23 1367.185  .042
1987 01 24 1366.999  .007
1987 01 25 1366.966  .007
1987 01 26 1366.933  .005
1987 01 27 1366.861  .006
1987 01 28 1366.846  .011
1987 01 29 1366.866  .026
1987 01 30 1366.829  .022
1987 01 31 1366.858  .011
1987 02 01 1366.897  .012
1987 02 02 1366.964  .005
1987 02 03 1366.871  .008
1987 02 04 1366.824  .008
1987 02 05 1366.962  .029
1987 02 06 1366.869  .014
1987 02 07 1366.838  .029
1987 02 08 1367.005  .030
1987 02 09 1367.004  .023
1987 02 10 1366.936  .016
1987 02 11 1366.949  .008
1987 02 12 1367.023  .048
1987 02 13 1366.950  .012
1987 02 14 1366.998  .007
1987 02 15 1367.042  .007
1987 02 16 1367.027  .020
1987 02 17 1367.061  .051
1987 02 18 1366.961  .011
1987 02 19 1366.980  .023
1987 02 20 1366.953  .020
1987 02 21 1366.977  .014
1987 02 22 1366.971  .004
1987 02 23 1366.905  .009
1987 02 24 1366.932  .007
1987 02 25 1366.872  .010
1987 02 26 1366.942  .011
1987 02 27 1367.008  .008
1987 02 28 1367.075  .032
1987 03 01 1366.924  .007
1987 03 02 1367.129  .000
1987 03 03 1366.925  .016
1987 03 04 1367.249  .087
1987 03 05 1366.920  .005
1987 03 06 1366.823  .020
1987 03 07 1366.811  .005
1987 03 08 1366.839  .004
1987 03 09 1366.831  .007
1987 03 10 1366.827  .005
1987 03 11 1366.815  .007
1987 03 12 1366.823  .005
1987 03 13 1366.821  .018
1987 03 14 1366.832  .004
1987 03 15 1366.881  .008
1987 03 16 1366.906  .010
1987 03 17 1366.883  .011
1987 03 18 1366.900  .016
1987 03 19 1366.920  .011
1987 03 20 1366.921  .012
1987 03 21 1367.095  .101
1987 03 22 1366.917  .014
1987 03 23 1366.917  .010
1987 03 24 1366.934  .007
1987 03 25 1366.948  .009
1987 03 26 1366.971  .006
1987 03 27 1367.008  .000
1987 03 28 1366.926  .022
1987 03 29 1366.922  .035
1987 03 30 1366.713  .006
1987 03 31 1366.821  .072
1987 04 01 1367.129  .059
1987 04 02 1366.808  .007
1987 04 03 1367.110  .089
1987 04 04 1366.708  .011
1987 04 05 1366.820  .008
1987 04 06 1366.751  .037
1987 04 07 1366.540  .030
1987 04 08 1367.126  .126
1987 04 09 1366.543  .027
1987 04 10               
1987 04 11 1367.118  .118
1987 04 12 1366.545  .006
1987 04 13 1366.703  .104
1987 04 14 1367.193  .097
1987 04 15 1366.841  .021
1987 04 16 1366.930  .024
1987 04 17 1367.036  .016
1987 04 18 1367.138  .011
1987 04 19 1367.211  .026
1987 04 20 1367.078  .017
1987 04 21 1366.947  .010
1987 04 22 1367.023  .010
1987 04 23 1367.109  .030
1987 04 24 1366.981  .016
1987 04 25 1366.961  .028
1987 04 26 1366.981  .015
1987 04 27 1366.900  .013
1987 04 28 1366.856  .008
1987 04 29 1366.887  .013
1987 04 30 1366.948  .019
1987 05 01 1366.920  .028
1987 05 02 1366.998  .034
1987 05 03 1366.941  .019
1987 05 04 1367.092  .020
1987 05 05 1367.296  .035
1987 05 06 1367.150  .007
1987 05 07 1367.163  .009
1987 05 08 1367.143  .065
1987 05 09 1367.188  .018
1987 05 10 1367.251  .010
1987 05 11 1367.228  .008
1987 05 12 1367.292  .009
1987 05 13 1367.363  .080
1987 05 14 1367.281  .006
1987 05 15 1367.314  .010
1987 05 16 1367.280  .010
1987 05 17 1367.044  .009
1987 05 18 1366.977  .006
1987 05 19 1366.844  .009
1987 05 20 1366.698  .013
1987 05 21 1367.155  .130
1987 05 22 1366.525  .014
1987 05 23 1366.882  .084
1987 05 24 1366.957  .092
1987 05 25 1366.915  .007
1987 05 26 1367.032  .006
1987 05 27 1366.950  .008
1987 05 28 1366.798  .008
1987 05 29 1366.962  .058
1987 05 30 1366.817  .007
1987 05 31 1366.883  .020
1987 06 01 1366.994  .049
1987 06 02 1367.087  .051
1987 06 03 1367.057  .038
1987 06 04 1367.078  .010
1987 06 05 1367.073  .006
1987 06 06 1367.098  .006
1987 06 07 1367.127  .006
1987 06 08 1367.143  .018
1987 06 09 1367.129  .014
1987 06 10 1367.109  .008
1987 06 11 1367.128  .009
1987 06 12 1367.160  .017
1987 06 13 1367.240  .013
1987 06 14 1367.229  .071
1987 06 15 1367.282  .004
1987 06 16 1367.277  .000
1987 06 17 1367.119  .014
1987 06 18               
1987 06 19 1367.174  .007
1987 06 20 1367.188  .007
1987 06 21 1367.230  .011
1987 06 22 1367.112  .023
1987 06 23 1367.008  .008
1987 06 24 1366.986  .008
1987 06 25 1367.042  .017
1987 06 26 1367.061  .006
1987 06 27 1367.175  .014
1987 06 28 1367.172  .004
1987 06 29 1367.122  .000
1987 06 30               
1987 07 01 1367.127  .008
1987 07 02 1367.261  .009
1987 07 03 1367.084  .010
1987 07 04 1367.085  .004
1987 07 05 1367.101  .017
1987 07 06 1367.033  .015
1987 07 07 1367.024  .008
1987 07 08 1366.964  .023
1987 07 09 1366.988  .035
1987 07 10 1366.970  .008
1987 07 11 1366.952  .005
1987 07 12 1366.985  .037
1987 07 13 1366.997  .005
1987 07 14 1367.050  .009
1987 07 15 1367.055  .017
1987 07 16 1367.112  .005
1987 07 17 1367.128  .016
1987 07 18 1367.138  .007
1987 07 19 1367.258  .046
1987 07 20 1367.143  .007
1987 07 21 1367.162  .008
1987 07 22 1367.149  .017
1987 07 23 1367.066  .004
1987 07 24 1367.057  .005
1987 07 25 1367.132  .006
1987 07 26 1367.137  .006
1987 07 27 1367.123  .018
1987 07 28 1367.153  .015
1987 07 29 1367.291  .003
1987 07 30 1367.252  .017
1987 07 31 1367.192  .006
1987 08 01 1367.094  .021
1987 08 02 1367.057  .014
1987 08 03 1367.141  .040
1987 08 04 1367.066  .014
1987 08 05 1367.056  .020
1987 08 06 1367.006  .023
1987 08 07 1366.966  .022
1987 08 08 1367.177  .090
1987 08 09 1366.853  .012
1987 08 10 1367.101  .009
1987 08 11 1367.188  .023
1987 08 12 1367.106  .006
1987 08 13 1367.010  .014
1987 08 14 1366.982  .006
1987 08 15 1366.871  .005
1987 08 16 1366.821  .012
1987 08 17 1366.917  .052
1987 08 18 1366.943  .009
1987 08 19 1366.972  .006
1987 08 20 1367.095  .010
1987 08 21 1367.164  .009
1987 08 22 1367.180  .024
1987 08 23 1367.391  .032
1987 08 24 1367.292  .013
1987 08 25 1367.246  .034
1987 08 26 1367.136  .006
1987 08 27 1367.190  .004
1987 08 28 1367.142  .006
1987 08 29 1367.290  .046
1987 08 30 1367.154  .018
1987 08 31               
1987 09 01 1367.146  .029
1987 09 02 1367.200  .020
1987 09 03 1367.176  .005
1987 09 04 1367.181  .006
1987 09 05 1367.088  .014
1987 09 06 1367.142  .033
1987 09 07 1366.878  .006
1987 09 08 1366.766  .010
1987 09 09 1366.920  .018
1987 09 10 1367.116  .006
1987 09 11 1367.232  .014
1987 09 12               
1987 09 13 1367.305  .004
1987 09 14 1367.400  .046
1987 09 15 1367.265  .013
1987 09 16 1367.246  .008
1987 09 17 1367.338  .025
1987 09 18 1367.326  .004
1987 09 19 1367.318  .021
1987 09 20 1367.299  .008
1987 09 21 1367.223  .009
1987 09 22 1367.123  .009
1987 09 23 1367.134  .008
1987 09 24 1367.082  .007
1987 09 25 1367.088  .011
1987 09 26 1367.154  .012
1987 09 27 1367.093  .009
1987 09 28               
1987 09 29               
1987 09 30               
1987 10 01 1367.232  .011
1987 10 02               
1987 10 03               
1987 10 04               
1987 10 05               
1987 10 06 1367.118  .008
1987 10 07               
1987 10 08               
1987 10 09 1367.378  .158
1987 10 10 1367.352  .018
1987 10 11 1367.582  .223
1987 10 12 1367.244  .105
1987 10 13 1367.063  .021
1987 10 14 1366.879  .016
1987 10 15 1366.791  .079
1987 10 16 1366.904  .027
1987 10 17 1367.034  .020
1987 10 18 1367.224  .025
1987 10 19 1367.460  .194
1987 10 20 1367.422  .043
1987 10 21 1367.395  .089
1987 10 22 1367.260  .036
1987 10 23 1367.181  .021
1987 10 24 1367.233  .022
1987 10 25 1367.284  .015
1987 10 26 1367.344  .009
1987 10 27 1367.325  .032
1987 10 28 1367.230  .087
1987 10 29 1367.141  .064
1987 10 30 1367.124  .026
1987 10 31 1367.218  .008
1987 11 01 1367.293  .012
1987 11 02 1367.387  .023
1987 11 03 1367.548  .036
1987 11 04 1367.578  .049
1987 11 05 1367.700  .106
1987 11 06 1367.560  .055
1987 11 07 1367.392  .012
1987 11 08 1367.376  .010
1987 11 09 1367.419  .020
1987 11 10 1367.408  .014
1987 11 11               
1987 11 12               
1987 11 13 1367.318  .014
1987 11 14 1367.229  .021
1987 11 15 1367.078  .065
1987 11 16               
1987 11 17               
1987 11 18               
1987 11 19               
1987 11 20               
1987 11 21 1366.976  .015
1987 11 22 1367.155  .020
1987 11 23 1367.356  .141
1987 11 24 1367.399  .629
1987 11 25 1367.484  .012
1987 11 26 1367.562  .015
1987 11 27               
1987 11 28               
1987 11 29               
1987 11 30               
1987 12 01 1367.640  .011
1987 12 02 1367.683  .014
1987 12 03 1367.636  .013
1987 12 04 1367.620  .025
1987 12 05 1367.606  .018
1987 12 06 1367.556  .015
1987 12 07               
1987 12 08               
1987 12 09 1367.559  .059
1987 12 10 1367.584  .012
1987 12 11 1367.495  .016
1987 12 12 1367.472  .057
1987 12 13 1367.449  .015
1987 12 14 1367.536  .011
1987 12 15 1367.532  .012
1987 12 16 1367.454  .017
1987 12 17 1367.429  .053
1987 12 18 1367.376  .079
1987 12 19 1367.369  .012
1987 12 20 1367.424  .009
1987 12 21 1367.438  .011
1987 12 22 1367.448  .015
1987 12 23 1367.483  .032
1987 12 24 1367.437  .021
1987 12 25 1367.430  .038
1987 12 26 1367.427  .012
1987 12 27 1367.359  .019
1987 12 28 1367.353  .021
1987 12 29 1367.359  .012
1987 12 30 1367.382  .060
1987 12 31               
1988 01 01 1367.210  .010
1988 01 02 1367.217  .013
1988 01 03 1367.299  .023
1988 01 04 1367.514  .012
1988 01 05 1367.565  .015
1988 01 06 1367.598  .013
1988 01 07 1367.660  .015
1988 01 08 1367.332  .010
1988 01 09 1367.433  .017
1988 01 10 1367.373  .016
1988 01 11 1367.407  .013
1988 01 12 1367.478  .013
1988 01 13 1367.644  .015
1988 01 14 1367.772  .016
1988 01 15 1367.798  .014
1988 01 16 1367.483  .041
1988 01 17 1367.467  .030
1988 01 18 1367.428  .018
1988 01 19 1367.359  .075
1988 01 20 1367.157  .101
1988 01 21 1367.246  .012
1988 01 22 1367.339  .013
1988 01 23 1367.550  .013
1988 01 24 1367.660  .018
1988 01 25 1367.626  .014
1988 01 26 1367.556  .027
1988 01 27 1367.221  .234
1988 01 28 1367.342  .020
1988 01 29 1367.419  .011
1988 01 30 1367.451  .015
1988 01 31 1367.535  .011
1988 02 01 1367.346  .019
1988 02 02 1367.646  .017
1988 02 03 1367.610  .011
1988 02 04 1367.606  .018
1988 02 05 1367.575  .012
1988 02 06 1367.573  .010
1988 02 07 1367.526  .011
1988 02 08 1367.659  .022
1988 02 09 1367.738  .029
1988 02 10 1367.756  .025
1988 02 11 1367.764  .031
1988 02 12 1367.600  .011
1988 02 13 1367.502  .017
1988 02 14 1367.481  .020
1988 02 15 1367.355  .135
1988 02 16 1367.300  .011
1988 02 17 1367.198  .014
1988 02 18 1367.134  .010
1988 02 19 1367.057  .016
1988 02 20 1367.134  .015
1988 02 21 1367.193  .015
1988 02 22 1367.248  .017
1988 02 23 1367.359  .014
1988 02 24 1367.373  .017
1988 02 25 1367.436  .016
1988 02 26 1367.430  .017
1988 02 27 1367.290  .012
1988 02 28 1367.454  .015
1988 02 29               
1988 03 01 1367.340  .165
1988 03 02 1367.204  .012
1988 03 03 1367.225  .013
1988 03 04 1367.174  .015
1988 03 05 1367.310  .010
1988 03 06 1367.331  .013
1988 03 07 1367.424  .014
1988 03 08 1367.520  .016
1988 03 09 1367.527  .022
1988 03 10 1367.551  .029
1988 03 11 1367.467  .016
1988 03 12 1367.630  .012
1988 03 13 1367.541  .009
1988 03 14 1367.324  .018
1988 03 15 1367.167  .019
1988 03 16 1366.816  .021
1988 03 17 1366.774  .031
1988 03 18 1366.695  .028
1988 03 19 1366.771  .016
1988 03 20 1366.885  .013
1988 03 21 1367.173  .024
1988 03 22 1367.348  .012
1988 03 23 1367.286  .016
1988 03 24 1367.314  .016
1988 03 25 1367.302  .027
1988 03 26 1366.937  .184
1988 03 27 1367.314  .020
1988 03 28 1367.297  .032
1988 03 29 1367.175  .020
1988 03 30 1367.135  .015
1988 03 31 1367.147  .012
1988 04 01 1367.091  .014
1988 04 02 1367.239  .019
1988 04 03 1367.397  .019
1988 04 04 1367.477  .020
1988 04 05 1367.603  .014
1988 04 06 1367.323  .016
1988 04 07 1367.244  .014
1988 04 08 1367.217  .018
1988 04 09 1367.400  .014
1988 04 10 1367.519  .015
1988 04 11 1367.496  .010
1988 04 12 1367.530  .018
1988 04 13 1367.654  .015
1988 04 14 1367.311  .014
1988 04 15 1367.079  .018
1988 04 16 1366.865  .016
1988 04 17 1366.917  .020
1988 04 18 1367.041  .020
1988 04 19 1367.133  .030
1988 04 20 1367.485  .019
1988 04 21 1367.423  .013
1988 04 22 1367.683  .012
1988 04 23 1367.737  .025
1988 04 24 1367.676  .019
1988 04 25 1367.465  .012
1988 04 26 1367.423  .026
1988 04 27 1367.304  .051
1988 04 28 1367.237  .013
1988 04 29 1367.213  .016
1988 04 30               
1988 05 01 1367.258  .024
1988 05 02 1367.341  .020
1988 05 03 1367.415  .018
1988 05 04 1367.424  .069
1988 05 05 1367.547  .016
1988 05 06 1367.840  .301
1988 05 07 1367.620  .014
1988 05 08 1367.738  .017
1988 05 09 1367.668  .066
1988 05 10 1367.845  .017
1988 05 11 1367.811  .014
1988 05 12 1367.828  .022
1988 05 13 1367.836  .014
1988 05 14 1367.779  .012
1988 05 15 1367.750  .015
1988 05 16 1367.627  .041
1988 05 17 1367.583  .019
1988 05 18 1367.601  .011
1988 05 19 1367.639  .012
1988 05 20 1367.764  .026
1988 05 21 1367.705  .019
1988 05 22 1367.817  .014
1988 05 23 1367.771  .020
1988 05 24 1367.631  .014
1988 05 25 1367.401  .027
1988 05 26 1367.207  .016
1988 05 27 1367.167  .017
1988 05 28 1367.208  .018
1988 05 29 1367.276  .018
1988 05 30 1367.380  .014
1988 05 31 1367.498  .021
1988 06 01 1367.553  .023
1988 06 02 1367.589  .016
1988 06 03 1367.187  .023
1988 06 04 1367.094  .018
1988 06 05 1367.115  .020
1988 06 06 1367.290  .038
1988 06 07 1367.445  .017
1988 06 08 1367.432  .020
1988 06 09 1367.524  .069
1988 06 10 1367.738  .014
1988 06 11 1367.711  .021
1988 06 12 1367.485  .015
1988 06 13 1367.429  .009
1988 06 14 1367.320  .024
1988 06 15 1367.426  .033
1988 06 16 1367.512  .014
1988 06 17 1367.457  .021
1988 06 18 1367.306  .017
1988 06 19 1367.334  .016
1988 06 20 1367.177  .015
1988 06 21 1367.112  .015
1988 06 22 1367.062  .014
1988 06 23 1366.937  .015
1988 06 24 1366.941  .019
1988 06 25 1367.285  .032
1988 06 26 1367.628  .021
1988 06 27 1367.380  .018
1988 06 28 1366.813  .015
1988 06 29 1365.900  .015
1988 06 30 1365.344  .015
1988 07 01 1365.219  .015
1988 07 02               
1988 07 03 1365.346  .028
1988 07 04 1366.024  .011
1988 07 05 1366.956  .012
1988 07 06 1367.688  .012
1988 07 07 1367.831  .016
1988 07 08 1367.646  .018
1988 07 09 1367.177  .014
1988 07 10 1366.985  .016
1988 07 11 1366.910  .016
1988 07 12 1366.960  .011
1988 07 13 1367.156  .016
1988 07 14 1367.070  .021
1988 07 15 1366.979  .022
1988 07 16 1366.673  .015
1988 07 17 1366.547  .016
1988 07 18 1366.772  .017
1988 07 19 1366.961  .017
1988 07 20 1367.086  .030
1988 07 21 1367.317  .012
1988 07 22 1367.564  .012
1988 07 23 1367.737  .021
1988 07 24 1368.052  .021
1988 07 25 1367.968  .017
1988 07 26 1367.802  .026
1988 07 27 1367.508  .010
1988 07 28 1367.288  .106
1988 07 29 1367.176  .025
1988 07 30 1366.925  .013
1988 07 31 1366.735  .025
1988 08 01 1366.792  .021
1988 08 02 1367.220  .029
1988 08 03 1367.266  .015
1988 08 04 1367.525  .026
1988 08 05 1367.439  .014
1988 08 06 1367.419  .050
1988 08 07 1367.506  .016
1988 08 08 1367.404  .021
1988 08 09 1367.167  .015
1988 08 10 1366.816  .009
1988 08 11 1366.382  .025
1988 08 12 1366.224  .017
1988 08 13 1366.378  .013
1988 08 14 1366.721  .015
1988 08 15 1367.169  .071
1988 08 16 1367.222  .021
1988 08 17 1367.633  .084
1988 08 18 1367.759  .017
1988 08 19 1367.827  .032
1988 08 20 1367.831  .018
1988 08 21 1367.874  .020
1988 08 22 1367.790  .023
1988 08 23 1367.766  .019
1988 08 24 1367.783  .016
1988 08 25 1367.760  .022
1988 08 26 1367.636  .020
1988 08 27 1367.866  .019
1988 08 28 1367.994  .017
1988 08 29 1367.674  .016
1988 08 30 1367.270  .014
1988 08 31 1366.738  .012
1988 09 01 1366.294  .016
1988 09 02 1366.531  .022
1988 09 03 1367.119  .020
1988 09 04 1367.311  .074
1988 09 05 1367.784  .022
1988 09 06 1368.174  .014
1988 09 07 1368.103  .011
1988 09 08 1367.948  .023
1988 09 09 1367.949  .014
1988 09 10 1367.924  .025
1988 09 11 1367.818  .020
1988 09 12 1367.830  .055
1988 09 13 1367.859  .013
1988 09 14 1367.796  .014
1988 09 15 1367.728  .012
1988 09 16 1367.745  .014
1988 09 17 1367.747  .013
1988 09 18 1367.789  .022
1988 09 19 1367.762  .016
1988 09 20 1367.850  .014
1988 09 21 1367.902  .023
1988 09 22 1367.849  .018
1988 09 23 1367.786  .013
1988 09 24 1368.014  .011
1988 09 25 1368.130  .016
1988 09 26 1368.117  .037
1988 09 27 1368.127  .030
1988 09 28 1368.150  .028
1988 09 29 1368.101  .011
1988 09 30 1367.876  .027
1988 10 01 1367.821  .023
1988 10 02 1367.754  .013
1988 10 03 1367.881  .208
1988 10 04 1367.570  .017
1988 10 05 1367.463  .022
1988 10 06 1367.178  .012
1988 10 07 1366.910  .010
1988 10 08 1366.762  .013
1988 10 09 1366.832  .040
1988 10 10 1367.035  .011
1988 10 11 1367.357  .081
1988 10 12 1367.797  .023
1988 10 13 1368.010  .013
1988 10 14 1368.010  .013
1988 10 15 1368.012  .015
1988 10 16 1367.943  .019
1988 10 17 1368.113  .106
1988 10 18 1367.850  .020
1988 10 19 1367.867  .016
1988 10 20 1367.651  .016
1988 10 21 1367.580  .021
1988 10 22 1367.344  .021
1988 10 23 1367.148  .022
1988 10 24 1367.038  .014
1988 10 25 1367.141  .012
1988 10 26 1367.454  .010
1988 10 27 1367.802  .022
1988 10 28 1367.827  .287
1988 10 29 1368.256  .014
1988 10 30 1368.276  .013
1988 10 31 1367.967  .030
1988 11 01 1367.808  .009
1988 11 02 1367.558  .036
1988 11 03 1367.158  .019
1988 11 04 1366.724  .009
1988 11 05 1366.547  .012
1988 11 06 1366.693  .013
1988 11 07 1367.067  .012
1988 11 08 1367.179  .010
1988 11 09 1367.435  .015
1988 11 10 1367.644  .016
1988 11 11 1367.626  .016
1988 11 12 1367.803  .011
1988 11 13 1367.682  .018
1988 11 14 1367.459  .015
1988 11 15 1367.588  .028
1988 11 16 1367.557  .015
1988 11 17 1367.629  .017
1988 11 18 1367.667  .041
1988 11 19 1367.682  .012
1988 11 20 1367.824  .018
1988 11 21 1367.937  .014
1988 11 22 1367.855  .021
1988 11 23 1368.009  .018
1988 11 24 1368.084  .014
1988 11 25 1368.248  .019
1988 11 26 1368.147  .029
1988 11 27 1368.038  .015
1988 11 28 1367.977  .021
1988 11 29 1367.816  .038
1988 11 30 1367.790  .014
1988 12 01 1367.604  .017
1988 12 02 1367.562  .017
1988 12 03 1367.543  .018
1988 12 04 1367.803  .015
1988 12 05 1368.174  .022
1988 12 06 1368.305  .031
1988 12 07 1368.388  .010
1988 12 08 1368.460  .024
1988 12 09               
1988 12 10 1368.437  .026
1988 12 11 1368.263  .018
1988 12 12 1368.213  .014
1988 12 13 1367.884  .016
1988 12 14 1367.793  .021
1988 12 15 1367.474  .010
1988 12 16 1367.062  .064
1988 12 17 1366.825  .025
1988 12 18 1366.603  .022
1988 12 19 1366.413  .208
1988 12 20 1366.431  .012
1988 12 21 1366.538  .021
1988 12 22 1366.826  .023
1988 12 23 1366.967  .016
1988 12 24 1367.236  .010
1988 12 25 1367.390  .013
1988 12 26 1367.198  .023
1988 12 27 1366.791  .203
1988 12 28 1366.815  .021
1988 12 29 1367.010  .013
1988 12 30 1367.431  .011
1988 12 31 1367.651  .017
1989 01 01 1367.831  .018
1989 01 02 1368.021  .020
1989 01 03 1367.996  .016
1989 01 04 1367.930  .012
1989 01 05 1367.942  .017
1989 01 06 1367.967  .013
1989 01 07 1367.984  .016
1989 01 08 1367.770  .014
1989 01 09 1367.595  .017
1989 01 10 1367.579  .022
1989 01 11 1367.809  .013
1989 01 12 1367.795  .018
1989 01 13 1367.738  .014
1989 01 14 1367.475  .012
1989 01 15 1366.995  .022
1989 01 16 1366.631  .017
1989 01 17 1366.756  .024
1989 01 18 1367.267  .012
1989 01 19 1367.909  .019
1989 01 20 1368.316  .024
1989 01 21 1368.712  .025
1989 01 22 1368.732  .041
1989 01 23 1368.247  .012
1989 01 24               
1989 01 25 1367.215  .022
1989 01 26 1366.966  .347
1989 01 27 1367.285  .023
1989 01 28 1367.296  .018
1989 01 29 1367.378  .015
1989 01 30 1367.811  .017
1989 01 31 1368.132  .030
1989 02 01 1368.339  .020
1989 02 02 1368.287  .019
1989 02 03 1368.322  .026
1989 02 04 1368.483  .049
1989 02 05 1368.717  .018
1989 02 06 1368.827  .017
1989 02 07 1368.901  .013
1989 02 08 1368.690  .012
1989 02 09 1368.411  .017
1989 02 10 1367.948  .012
1989 02 11 1367.769  .020
1989 02 12 1367.703  .015
1989 02 13 1367.769  .013
1989 02 14 1367.584  .010
1989 02 15 1367.747  .023
1989 02 16 1368.123  .016
1989 02 17 1368.236  .014
1989 02 18 1368.608  .014
1989 02 19 1368.738  .012
1989 02 20 1368.453  .037
1989 02 21 1367.767  .017
1989 02 22 1367.400  .016
1989 02 23 1367.239  .014
1989 02 24 1367.286  .019
1989 02 25 1367.857  .025
1989 02 26 1369.008  .217
1989 02 27 1368.277  .012
1989 02 28 1368.279  .013
1989 03 01 1368.101  .019
1989 03 02 1368.026  .016
1989 03 03 1367.743  .016
1989 03 04 1367.985  .035
1989 03 05 1368.181  .026
1989 03 06 1368.453  .013
1989 03 07 1368.547  .018
1989 03 08 1368.377  .016
1989 03 09 1367.987  .019
1989 03 10 1367.492  .020
1989 03 11 1367.087  .016
1989 03 12 1366.493  .016
1989 03 13 1366.505  .017
1989 03 14 1366.880  .014
1989 03 15 1367.381  .013
1989 03 16 1367.893  .026
1989 03 17 1368.383  .027
1989 03 18 1368.754  .017
1989 03 19 1368.689  .018
1989 03 20 1368.231  .015
1989 03 21 1367.909  .042
1989 03 22 1367.446  .019
1989 03 23 1367.630  .021
1989 03 24               
1989 03 25 1367.923  .022
1989 03 26 1368.028  .013
1989 03 27 1367.992  .014
1989 03 28 1367.847  .027
1989 03 29 1367.939  .014
1989 03 30 1368.005  .011
1989 03 31 1367.986  .017
1989 04 01 1367.937  .015
1989 04 02 1367.889  .018
1989 04 03 1367.559  .016
1989 04 04 1367.639  .039
1989 04 05 1367.761  .017
1989 04 06 1367.942  .012
1989 04 07 1368.191  .012
1989 04 08 1368.323  .014
1989 04 09 1368.787  .021
1989 04 10 1369.162  .017
1989 04 11 1369.330  .014
1989 04 12 1369.429  .017
1989 04 13 1369.330  .017
1989 04 14 1368.910  .016
1989 04 15 1368.338  .021
1989 04 16 1367.901  .013
1989 04 17 1367.559  .019
1989 04 18 1367.398  .020
1989 04 19 1367.366  .049
1989 04 20 1367.549  .013
1989 04 21 1367.583  .024
1989 04 22 1367.749  .030
1989 04 23 1367.649  .018
1989 04 24 1367.605  .014
1989 04 25 1367.548  .019
1989 04 26 1367.780  .010
1989 04 27 1367.667  .279
1989 04 28 1367.951  .022
1989 04 29 1367.977  .014
1989 04 30 1367.986  .013
1989 05 01 1367.955  .015
1989 05 02 1367.900  .035
1989 05 03 1367.923  .037
1989 05 04 1367.925  .014
1989 05 05 1368.038  .012
1989 05 06 1368.248  .015
1989 05 07 1368.545  .014
1989 05 08 1368.753  .016
1989 05 09 1368.945  .017
1989 05 10 1369.125  .019
1989 05 11 1369.111  .014
1989 05 12 1369.709  .161
1989 05 13 1369.040  .012
1989 05 14 1368.907  .021
1989 05 15 1368.711  .015
1989 05 16 1368.552  .022
1989 05 17 1368.399  .021
1989 05 18 1368.345  .024
1989 05 19 1368.255  .021
1989 05 20 1367.780  .013
1989 05 21 1367.289  .017
1989 05 22 1367.888  .189
1989 05 23 1367.681  .014
1989 05 24 1367.719  .009
1989 05 25 1367.649  .011
1989 05 26 1367.595  .019
1989 05 27 1367.638  .018
1989 05 28 1367.650  .014
1989 05 29 1367.729  .017
1989 05 30 1367.588  .023
1989 05 31 1367.543  .022
1989 06 01 1367.714  .020
1989 06 02               
1989 06 03               
1989 06 04               
1989 06 05               
1989 06 06               
1989 06 07               
1989 06 08               
1989 06 09               
1989 06 10               
1989 06 11               
1989 06 12               
1989 06 13               
1989 06 14               
1989 06 15               
1989 06 16               
1989 06 17               
1989 06 18               
1989 06 19               
1989 06 20               
1989 06 21               
1989 06 22               
1989 06 23               
1989 06 24               
1989 06 25               
1989 06 26               
1989 06 27               
1989 06 28               
1989 06 29               
1989 06 30               
1989 07 01               
1989 07 02               
1989 07 03               
1989 07 04               
1989 07 05               
1989 07 06               
1989 07 07               
1989 07 08               
1989 07 09               
1989 07 10               
1989 07 11               
1989 07 12               
1989 07 13               
1989 07 14               
1989 07 15               
1989 07 16               
1989 07 17               
1989 07 18               
1989 07 19               
1989 07 20               
1989 07 21               
1989 07 22               
1989 07 23               
1989 07 24               
1989 07 25               
1989 07 26               
1989 07 27               
1989 07 28               
1989 07 29               
1989 07 30               
1989 07 31               
1989 08 01               
1989 08 02               
1989 08 03               
1989 08 04               
1989 08 05               
1989 08 06               
1989 08 07               
1989 08 08               
1989 08 09               
1989 08 10               
1989 08 11               
1989 08 12               
1989 08 13               
1989 08 14               
1989 08 15               
1989 08 16               
1989 08 17               
1989 08 18               
1989 08 19               
1989 08 20               
1989 08 21               
1989 08 22               
1989 08 23               
1989 08 24               
1989 08 25               
1989 08 26               
1989 08 27               
1989 08 28               
1989 08 29               
1989 08 30               
1989 08 31               
1989 09 01               
1989 09 02               
1989 09 03               
1989 09 04               
1989 09 05               
1989 09 06               
1989 09 07               
1989 09 08               
1989 09 09               
1989 09 10               
1989 09 11               
1989 09 12               
1989 09 13               
1989 09 14               
1989 09 15               
1989 09 16               
1989 09 17               
1989 09 18               
1989 09 19               
1989 09 20               
1989 09 21               
1989 09 22               
1989 09 23               
1989 09 24               
1989 09 25               
1989 09 26               
1989 09 27               
1989 09 28               
1989 09 29               
1989 09 30               
1989 10 01               
1989 10 02               
1989 10 03               
1989 10 04               
1989 10 05               
1989 10 06               
1989 10 07               
1989 10 08               
1989 10 09               
1989 10 10               
1989 10 11               
1989 10 12               
1989 10 13               
1989 10 14               
1989 10 15               
1989 10 16               
1989 10 17               
1989 10 18               
1989 10 19               
1989 10 20               
1989 10 21               
1989 10 22               
1989 10 23               
1989 10 24               
1989 10 25               
1989 10 26               
1989 10 27               
1989 10 28               
1989 10 29               
1989 10 30               
1989 10 31               
1989 11 01               
1989 11 02               
1989 11 03               
1989 11 04               
1989 11 05               
1989 11 06               
1989 11 07               
1989 11 08               
1989 11 09               
1989 11 10               
1989 11 11               
1989 11 12               
1989 11 13               
1989 11 14               
1989 11 15               
1989 11 16               
1989 11 17               
1989 11 18               
1989 11 19               
1989 11 20               
1989 11 21               
1989 11 22               
1989 11 23               
1989 11 24               
1989 11 25               
1989 11 26               
1989 11 27               
1989 11 28               
1989 11 29               
1989 11 30               
1989 12 01               
1989 12 02               
1989 12 03               
1989 12 04               
1989 12 05               
1989 12 06               
1989 12 07               
1989 12 08               
1989 12 09               
1989 12 10               
1989 12 11               
1989 12 12               
1989 12 13               
1989 12 14               
1989 12 15               
1989 12 16               
1989 12 17               
1989 12 18               
1989 12 19               
1989 12 20               
1989 12 21               
1989 12 22               
1989 12 23               
1989 12 24               
1989 12 25               
1989 12 26               
1989 12 27               
1989 12 28               
1989 12 29               
1989 12 30               
1989 12 31               
