TSIS-1
Version: v3L3
Created: 11-Dec-2024
JD        Value 
2458131.5 1361.657900
2458132.5 1361.621900
2458133.5 NaN
2458134.5 NaN
2458135.5 NaN
2458136.5 NaN
2458137.5 NaN
2458138.5 NaN
2458139.5 1361.649700
2458140.5 NaN
2458141.5 1361.586100
2458142.5 1361.551000
2458143.5 1361.514500
2458144.5 1361.525100
2458145.5 1361.464000
2458146.5 1361.442800
2458147.5 1361.395400
2458148.5 1361.379900
2458149.5 1361.519700
2458150.5 1361.590000
2458151.5 1361.613300
2458152.5 1361.608700
2458153.5 1361.590900
2458154.5 1361.579400
2458155.5 1361.453100
2458156.5 1361.415000
2458157.5 1361.496500
2458158.5 1361.401200
2458159.5 1361.322900
2458160.5 1361.311600
2458161.5 1361.323000
2458162.5 1361.428300
2458163.5 NaN
2458164.5 1361.630500
2458165.5 1361.663400
2458166.5 1361.581600
2458167.5 1361.538000
2458168.5 1361.491000
2458169.5 1361.489800
2458170.5 1361.539300
2458171.5 1361.516200
2458172.5 1361.525100
2458173.5 1361.509100
2458174.5 1361.527100
2458175.5 1361.520900
2458176.5 1361.488000
2458177.5 1361.496300
2458178.5 NaN
2458179.5 1361.445900
2458180.5 1361.428200
2458181.5 1361.398500
2458182.5 1361.368200
2458183.5 NaN
2458184.5 NaN
2458185.5 1361.600800
2458186.5 1361.586100
2458187.5 1361.582100
2458188.5 1361.575600
2458189.5 1361.458900
2458190.5 1361.453000
2458191.5 1361.469800
2458192.5 1361.522900
2458193.5 1361.473100
2458194.5 1361.395600
2458195.5 1361.440100
2458196.5 1361.524000
2458197.5 1361.533400
2458198.5 1361.513300
2458199.5 1361.516000
2458200.5 1361.526600
2458201.5 1361.553500
2458202.5 NaN
2458203.5 NaN
2458204.5 1361.472700
2458205.5 1361.504600
2458206.5 1361.435000
2458207.5 1361.507300
2458208.5 1361.422900
2458209.5 1361.496900
2458210.5 1361.459100
2458211.5 1361.462900
2458212.5 1361.407500
2458213.5 1361.430000
2458214.5 1361.581900
2458215.5 1361.593400
2458216.5 1361.596000
2458217.5 1361.595200
2458218.5 1361.593900
2458219.5 1361.577700
2458220.5 1361.551100
2458221.5 1361.544300
2458222.5 1361.537000
2458223.5 1361.551200
2458224.5 1361.549700
2458225.5 1361.529700
2458226.5 NaN
2458227.5 NaN
2458228.5 NaN
2458229.5 NaN
2458230.5 NaN
2458231.5 NaN
2458232.5 NaN
2458233.5 NaN
2458234.5 NaN
2458235.5 NaN
2458236.5 NaN
2458237.5 NaN
2458238.5 NaN
2458239.5 NaN
2458240.5 1361.496000
2458241.5 1361.511600
2458242.5 1361.530300
2458243.5 1361.518900
2458244.5 1361.547100
2458245.5 1361.565300
2458246.5 1361.556700
2458247.5 1361.585500
2458248.5 1361.624200
2458249.5 1361.629300
2458250.5 1361.609500
2458251.5 1361.617100
2458252.5 1361.583100
2458253.5 1361.602600
2458254.5 1361.577600
2458255.5 1361.568000
2458256.5 1361.591300
2458257.5 1361.612200
2458258.5 1361.590500
2458259.5 NaN
2458260.5 NaN
2458261.5 NaN
2458262.5 1361.565500
2458263.5 1361.528300
2458264.5 1361.699300
2458265.5 1361.685200
2458266.5 1361.667800
2458267.5 1361.579100
2458268.5 1361.567700
2458269.5 1361.594900
2458270.5 1361.587900
2458271.5 1361.649900
2458272.5 1361.682600
2458273.5 1361.726400
2458274.5 1361.640300
2458275.5 1361.611500
2458276.5 1361.565900
2458277.5 1361.584800
2458278.5 NaN
2458279.5 1361.556500
2458280.5 1361.546200
2458281.5 1361.582100
2458282.5 1361.604100
2458283.5 1361.643500
2458284.5 1361.643600
2458285.5 1361.610600
2458286.5 1361.580600
2458287.5 1361.584500
2458288.5 1361.549600
2458289.5 1361.554500
2458290.5 1361.498500
2458291.5 1361.513400
2458292.5 1361.584300
2458293.5 1361.570600
2458294.5 1361.582000
2458295.5 1361.615800
2458296.5 1361.657400
2458297.5 1361.668000
2458298.5 1361.640400
2458299.5 1361.621300
2458300.5 1361.594000
2458301.5 1361.565300
2458302.5 1361.521100
2458303.5 1361.492900
2458304.5 1361.519400
2458305.5 1361.526600
2458306.5 1361.515200
2458307.5 1361.534600
2458308.5 1361.593900
2458309.5 1361.604000
2458310.5 NaN
2458311.5 NaN
2458312.5 1361.666800
2458313.5 1361.637200
2458314.5 1361.616500
2458315.5 1361.642800
2458316.5 1361.700900
2458317.5 1361.746600
2458318.5 1361.798200
2458319.5 NaN
2458320.5 NaN
2458321.5 NaN
2458322.5 1361.633800
2458323.5 1361.614200
2458324.5 1361.603500
2458325.5 1361.563600
2458326.5 1361.584200
2458327.5 1361.570600
2458328.5 1361.546700
2458329.5 1361.552600
2458330.5 1361.576500
2458331.5 1361.582900
2458332.5 1361.563500
2458333.5 1361.564400
2458334.5 1361.529200
2458335.5 1361.580000
2458336.5 1361.619500
2458337.5 1361.627900
2458338.5 1361.652700
2458339.5 1361.642300
2458340.5 1361.634500
2458341.5 1361.610400
2458342.5 1361.570700
2458343.5 1361.610200
2458344.5 1361.650600
2458345.5 1361.626200
2458346.5 1361.629900
2458347.5 1361.589500
2458348.5 1361.546600
2458349.5 1361.562100
2458350.5 1361.575500
2458351.5 1361.582600
2458352.5 1361.571200
2458353.5 1361.568800
2458354.5 1361.589100
2458355.5 1361.528500
2458356.5 1361.461700
2458357.5 1361.553800
2458358.5 1361.571700
2458359.5 1361.563200
2458360.5 1361.543800
2458361.5 1361.473000
2458362.5 1361.614600
2458363.5 1361.596200
2458364.5 1361.603600
2458365.5 1361.625000
2458366.5 1361.590200
2458367.5 1361.568700
2458368.5 NaN
2458369.5 1361.556400
2458370.5 1361.565200
2458371.5 1361.585700
2458372.5 1361.616900
2458373.5 1361.606300
2458374.5 1361.614600
2458375.5 1361.616300
2458376.5 1361.608200
2458377.5 1361.605600
2458378.5 1361.609300
2458379.5 1361.607700
2458380.5 1361.594200
2458381.5 1361.556800
2458382.5 1361.546300
2458383.5 1361.543300
2458384.5 1361.546100
2458385.5 1361.529500
2458386.5 1361.512600
2458387.5 1361.517600
2458388.5 1361.542400
2458389.5 1361.523900
2458390.5 1361.584300
2458391.5 1361.550800
2458392.5 1361.552200
2458393.5 1361.553100
2458394.5 1361.577200
2458395.5 1361.576900
2458396.5 1361.592300
2458397.5 1361.575200
2458398.5 1361.586100
2458399.5 1361.597700
2458400.5 1361.594100
2458401.5 1361.552300
2458402.5 1361.562500
2458403.5 1361.537700
2458404.5 1361.620600
2458405.5 NaN
2458406.5 1361.625500
2458407.5 1361.613000
2458408.5 1361.586800
2458409.5 1361.583200
2458410.5 1361.559600
2458411.5 1361.564500
2458412.5 1361.561000
2458413.5 1361.573300
2458414.5 1361.552700
2458415.5 1361.536500
2458416.5 1361.532700
2458417.5 1361.546400
2458418.5 1361.559300
2458419.5 1361.580400
2458420.5 1361.545700
2458421.5 1361.556100
2458422.5 1361.532400
2458423.5 1361.560300
2458424.5 1361.562000
2458425.5 NaN
2458426.5 1361.556100
2458427.5 1361.559200
2458428.5 1361.534000
2458429.5 1361.523300
2458430.5 1361.535100
2458431.5 1361.513700
2458432.5 1361.537700
2458433.5 1361.534700
2458434.5 1361.525600
2458435.5 1361.528100
2458436.5 1361.515600
2458437.5 1361.513500
2458438.5 1361.518200
2458439.5 1361.551900
2458440.5 1361.542700
2458441.5 1361.556500
2458442.5 NaN
2458443.5 1361.542500
2458444.5 1361.529400
2458445.5 1361.568000
2458446.5 1361.562400
2458447.5 1361.549500
2458448.5 1361.546200
2458449.5 1361.533600
2458450.5 1361.531100
2458451.5 1361.528400
2458452.5 1361.532100
2458453.5 1361.534600
2458454.5 1361.505700
2458455.5 1361.492500
2458456.5 1361.486900
2458457.5 NaN
2458458.5 1361.523300
2458459.5 1361.516600
2458460.5 1361.559700
2458461.5 1361.605600
2458462.5 1361.547400
2458463.5 1361.532600
2458464.5 1361.551100
2458465.5 1361.550500
2458466.5 1361.565900
2458467.5 NaN
2458468.5 NaN
2458469.5 NaN
2458470.5 NaN
2458471.5 NaN
2458472.5 NaN
2458473.5 NaN
2458474.5 1361.577800
2458475.5 1361.560400
2458476.5 1361.523300
2458477.5 1361.552400
2458478.5 1361.570400
2458479.5 1361.562400
2458480.5 1361.548500
2458481.5 1361.585400
2458482.5 NaN
2458483.5 1361.569000
2458484.5 1361.558200
2458485.5 1361.547700
2458486.5 1361.518500
2458487.5 1361.516700
2458488.5 1361.560400
2458489.5 1361.544400
2458490.5 1361.537600
2458491.5 1361.549200
2458492.5 1361.556900
2458493.5 1361.532500
2458494.5 1361.524500
2458495.5 1361.530500
2458496.5 1361.522000
2458497.5 1361.529900
2458498.5 NaN
2458499.5 1361.505800
2458500.5 1361.522100
2458501.5 1361.520000
2458502.5 1361.506500
2458503.5 1361.490100
2458504.5 1361.529600
2458505.5 1361.521200
2458506.5 1361.532700
2458507.5 1361.495800
2458508.5 1361.555700
2458509.5 1361.522200
2458510.5 1361.508800
2458511.5 1361.558500
2458512.5 1361.622300
2458513.5 1361.612700
2458514.5 1361.575000
2458515.5 1361.561300
2458516.5 1361.563300
2458517.5 1361.561200
2458518.5 1361.532400
2458519.5 1361.537700
2458520.5 1361.519900
2458521.5 1361.513200
2458522.5 1361.516500
2458523.5 1361.527100
2458524.5 1361.534700
2458525.5 1361.540700
2458526.5 1361.526500
2458527.5 1361.530100
2458528.5 1361.539500
2458529.5 1361.600800
2458530.5 1361.599500
2458531.5 1361.634700
2458532.5 1361.616500
2458533.5 1361.611300
2458534.5 1361.604200
2458535.5 1361.597100
2458536.5 1361.608000
2458537.5 1361.612400
2458538.5 1361.619300
2458539.5 1361.609600
2458540.5 1361.581400
2458541.5 1361.614800
2458542.5 1361.526600
2458543.5 1361.533700
2458544.5 1361.485800
2458545.5 1361.529000
2458546.5 1361.530100
2458547.5 NaN
2458548.5 NaN
2458549.5 NaN
2458550.5 NaN
2458551.5 NaN
2458552.5 1361.563900
2458553.5 1361.548100
2458554.5 1361.560000
2458555.5 1361.540300
2458556.5 1361.558200
2458557.5 1361.589200
2458558.5 NaN
2458559.5 1361.572500
2458560.5 1361.581900
2458561.5 1361.564300
2458562.5 NaN
2458563.5 1361.547700
2458564.5 1361.503900
2458565.5 1361.506200
2458566.5 1361.579700
2458567.5 1361.567000
2458568.5 1361.538100
2458569.5 1361.509900
2458570.5 NaN
2458571.5 1361.515200
2458572.5 1361.517800
2458573.5 1361.545600
2458574.5 1361.530100
2458575.5 1361.527400
2458576.5 1361.550000
2458577.5 1361.566100
2458578.5 1361.584700
2458579.5 NaN
2458580.5 1361.588400
2458581.5 1361.579400
2458582.5 1361.587000
2458583.5 1361.579300
2458584.5 1361.477200
2458585.5 1361.357700
2458586.5 1361.217500
2458587.5 1361.193800
2458588.5 1361.232900
2458589.5 1361.268700
2458590.5 1361.360300
2458591.5 1361.463100
2458592.5 1361.533700
2458593.5 1361.584100
2458594.5 1361.548600
2458595.5 1361.532400
2458596.5 1361.543600
2458597.5 1361.515300
2458598.5 1361.528100
2458599.5 1361.534600
2458600.5 1361.513500
2458601.5 1361.527100
2458602.5 1361.518900
2458603.5 1361.517900
2458604.5 NaN
2458605.5 NaN
2458606.5 1361.545400
2458607.5 1361.543800
2458608.5 1361.558800
2458609.5 1361.559400
2458610.5 1361.516500
2458611.5 1361.493900
2458612.5 1361.479500
2458613.5 1361.437200
2458614.5 1361.424700
2458615.5 1361.414500
2458616.5 1361.460500
2458617.5 1361.487700
2458618.5 1361.578600
2458619.5 1361.585000
2458620.5 1361.623200
2458621.5 NaN
2458622.5 NaN
2458623.5 NaN
2458624.5 NaN
2458625.5 1361.537900
2458626.5 1361.527100
2458627.5 1361.551700
2458628.5 1361.561200
2458629.5 1361.513700
2458630.5 1361.537300
2458631.5 1361.534000
2458632.5 1361.543600
2458633.5 1361.555900
2458634.5 1361.555800
2458635.5 1361.580900
2458636.5 1361.620200
2458637.5 1361.676800
2458638.5 1361.694500
2458639.5 NaN
2458640.5 1361.715700
2458641.5 1361.696200
2458642.5 1361.689000
2458643.5 1361.689800
2458644.5 1361.686200
2458645.5 1361.689200
2458646.5 1361.665800
2458647.5 1361.624600
2458648.5 1361.549700
2458649.5 1361.533100
2458650.5 1361.502700
2458651.5 1361.508800
2458652.5 1361.503200
2458653.5 1361.520800
2458654.5 1361.532700
2458655.5 1361.520400
2458656.5 1361.535500
2458657.5 1361.542300
2458658.5 1361.523500
2458659.5 1361.551100
2458660.5 NaN
2458661.5 1361.543100
2458662.5 1361.583100
2458663.5 1361.600200
2458664.5 1361.606200
2458665.5 1361.641200
2458666.5 1361.666800
2458667.5 1361.653900
2458668.5 NaN
2458669.5 1361.641100
2458670.5 1361.627300
2458671.5 1361.629400
2458672.5 1361.623300
2458673.5 1361.594200
2458674.5 1361.575400
2458675.5 1361.564300
2458676.5 1361.562300
2458677.5 1361.556700
2458678.5 1361.551300
2458679.5 1361.573800
2458680.5 1361.581600
2458681.5 1361.584800
2458682.5 NaN
2458683.5 NaN
2458684.5 NaN
2458685.5 1361.535900
2458686.5 NaN
2458687.5 NaN
2458688.5 1361.562300
2458689.5 1361.592900
2458690.5 1361.597100
2458691.5 1361.632700
2458692.5 1361.612300
2458693.5 1361.640900
2458694.5 1361.646400
2458695.5 1361.612700
2458696.5 1361.624600
2458697.5 NaN
2458698.5 1361.606800
2458699.5 1361.612800
2458700.5 1361.579800
2458701.5 1361.570100
2458702.5 1361.563500
2458703.5 1361.571900
2458704.5 1361.578800
2458705.5 1361.560800
2458706.5 1361.554300
2458707.5 1361.537100
2458708.5 1361.522900
2458709.5 1361.526100
2458710.5 1361.527000
2458711.5 1361.553100
2458712.5 1361.554700
2458713.5 1361.539400
2458714.5 1361.557200
2458715.5 1361.580200
2458716.5 1361.566800
2458717.5 1361.598400
2458718.5 1361.593900
2458719.5 1361.582100
2458720.5 NaN
2458721.5 1361.579300
2458722.5 1361.561600
2458723.5 NaN
2458724.5 NaN
2458725.5 1361.542700
2458726.5 1361.549500
2458727.5 1361.556100
2458728.5 1361.505600
2458729.5 1361.565800
2458730.5 1361.560800
2458731.5 1361.571400
2458732.5 1361.565200
2458733.5 NaN
2458734.5 1361.553000
2458735.5 1361.551900
2458736.5 1361.559600
2458737.5 1361.567400
2458738.5 1361.540400
2458739.5 1361.538600
2458740.5 1361.568000
2458741.5 1361.552300
2458742.5 1361.541600
2458743.5 1361.554700
2458744.5 1361.561200
2458745.5 1361.565300
2458746.5 1361.560200
2458747.5 1361.578500
2458748.5 1361.593800
2458749.5 1361.555400
2458750.5 1361.536900
2458751.5 1361.562700
2458752.5 1361.543300
2458753.5 NaN
2458754.5 1361.537200
2458755.5 1361.517600
2458756.5 NaN
2458757.5 1361.520900
2458758.5 1361.531900
2458759.5 1361.531700
2458760.5 1361.560000
2458761.5 1361.545400
2458762.5 1361.559600
2458763.5 1361.532800
2458764.5 1361.546500
2458765.5 1361.550800
2458766.5 1361.525400
2458767.5 1361.509600
2458768.5 1361.526800
2458769.5 1361.538600
2458770.5 1361.536600
2458771.5 1361.549500
2458772.5 1361.564500
2458773.5 1361.569900
2458774.5 1361.578900
2458775.5 1361.575100
2458776.5 1361.588500
2458777.5 1361.553100
2458778.5 1361.559300
2458779.5 1361.555200
2458780.5 1361.528200
2458781.5 1361.549900
2458782.5 1361.532200
2458783.5 1361.543200
2458784.5 1361.553700
2458785.5 1361.549100
2458786.5 1361.563400
2458787.5 1361.549500
2458788.5 1361.546400
2458789.5 1361.560900
2458790.5 1361.559700
2458791.5 1361.559800
2458792.5 1361.567500
2458793.5 NaN
2458794.5 NaN
2458795.5 NaN
2458796.5 NaN
2458797.5 1361.561300
2458798.5 1361.562300
2458799.5 1361.526400
2458800.5 1361.554400
2458801.5 1361.594600
2458802.5 1361.601100
2458803.5 1361.591700
2458804.5 1361.612900
2458805.5 1361.589100
2458806.5 1361.575000
2458807.5 1361.579200
2458808.5 1361.552800
2458809.5 1361.605200
2458810.5 NaN
2458811.5 1361.566500
2458812.5 1361.549700
2458813.5 1361.517600
2458814.5 1361.557600
2458815.5 1361.557000
2458816.5 1361.548000
2458817.5 1361.526200
2458818.5 1361.544700
2458819.5 1361.544900
2458820.5 1361.560300
2458821.5 1361.539400
2458822.5 1361.541500
2458823.5 1361.549000
2458824.5 1361.568500
2458825.5 1361.549000
2458826.5 1361.533200
2458827.5 NaN
2458828.5 1361.579900
2458829.5 1361.569500
2458830.5 1361.560700
2458831.5 1361.588000
2458832.5 1361.659600
2458833.5 NaN
2458834.5 NaN
2458835.5 NaN
2458836.5 NaN
2458837.5 NaN
2458838.5 1361.571500
2458839.5 NaN
2458840.5 NaN
2458841.5 NaN
2458842.5 NaN
2458843.5 NaN
2458844.5 NaN
2458845.5 NaN
2458846.5 NaN
2458847.5 1361.536200
2458848.5 1361.524600
2458849.5 NaN
2458850.5 1361.535000
2458851.5 1361.548300
2458852.5 1361.566100
2458853.5 1361.601700
2458854.5 1361.574700
2458855.5 1361.574500
2458856.5 1361.615500
2458857.5 1361.633400
2458858.5 1361.641600
2458859.5 1361.631200
2458860.5 1361.631200
2458861.5 1361.589200
2458862.5 1361.561500
2458863.5 1361.636200
2458864.5 NaN
2458865.5 NaN
2458866.5 NaN
2458867.5 NaN
2458868.5 NaN
2458869.5 1361.560500
2458870.5 NaN
2458871.5 1361.553300
2458872.5 1361.534500
2458873.5 1361.508700
2458874.5 1361.553900
2458875.5 1361.515300
2458876.5 1361.527100
2458877.5 1361.532000
2458878.5 1361.568400
2458879.5 1361.591400
2458880.5 1361.592300
2458881.5 1361.646300
2458882.5 1361.586900
2458883.5 1361.596400
2458884.5 1361.605900
2458885.5 1361.601600
2458886.5 1361.601200
2458887.5 1361.587500
2458888.5 1361.604900
2458889.5 1361.604700
2458890.5 1361.568500
2458891.5 1361.595300
2458892.5 1361.579100
2458893.5 1361.572400
2458894.5 1361.577000
2458895.5 1361.545000
2458896.5 1361.560000
2458897.5 1361.565400
2458898.5 1361.561000
2458899.5 1361.518000
2458900.5 1361.533100
2458901.5 1361.561700
2458902.5 1361.549500
2458903.5 1361.561300
2458904.5 1361.553500
2458905.5 1361.529400
2458906.5 1361.530500
2458907.5 1361.527900
2458908.5 1361.511100
2458909.5 1361.557300
2458910.5 1361.570100
2458911.5 1361.578800
2458912.5 1361.559800
2458913.5 1361.565300
2458914.5 1361.560900
2458915.5 1361.593700
2458916.5 1361.579800
2458917.5 1361.540400
2458918.5 1361.594500
2458919.5 1361.606700
2458920.5 1361.570000
2458921.5 1361.562900
2458922.5 1361.560800
2458923.5 1361.571400
2458924.5 1361.571800
2458925.5 1361.555400
2458926.5 1361.599700
2458927.5 1361.615900
2458928.5 1361.616400
2458929.5 1361.592600
2458930.5 1361.591600
2458931.5 1361.607200
2458932.5 1361.591900
2458933.5 1361.578500
2458934.5 1361.595900
2458935.5 1361.574100
2458936.5 1361.547000
2458937.5 1361.540900
2458938.5 1361.562000
2458939.5 1361.582800
2458940.5 1361.567000
2458941.5 1361.582700
2458942.5 1361.579100
2458943.5 1361.594900
2458944.5 1361.593000
2458945.5 1361.580700
2458946.5 1361.607700
2458947.5 1361.620300
2458948.5 1361.576600
2458949.5 1361.585300
2458950.5 NaN
2458951.5 1361.574800
2458952.5 1361.560400
2458953.5 1361.561300
2458954.5 1361.575100
2458955.5 1361.551200
2458956.5 1361.548900
2458957.5 1361.590700
2458958.5 1361.581000
2458959.5 NaN
2458960.5 1361.567600
2458961.5 1361.558700
2458962.5 1361.564900
2458963.5 1361.575400
2458964.5 1361.601100
2458965.5 NaN
2458966.5 1361.578900
2458967.5 1361.577000
2458968.5 1361.615500
2458969.5 1361.629500
2458970.5 1361.635500
2458971.5 1361.658400
2458972.5 1361.656900
2458973.5 1361.631200
2458974.5 1361.626500
2458975.5 1361.561100
2458976.5 1361.624200
2458977.5 1361.574200
2458978.5 1361.584200
2458979.5 1361.593200
2458980.5 1361.578600
2458981.5 1361.562900
2458982.5 1361.538400
2458983.5 1361.574400
2458984.5 1361.576500
2458985.5 NaN
2458986.5 NaN
2458987.5 NaN
2458988.5 NaN
2458989.5 1361.673900
2458990.5 1361.633600
2458991.5 1361.635900
2458992.5 NaN
2458993.5 1361.657500
2458994.5 1361.626800
2458995.5 1361.660400
2458996.5 1361.673700
2458997.5 1361.652000
2458998.5 1361.644300
2458999.5 1361.644200
2459000.5 1361.642500
2459001.5 1361.658400
2459002.5 1361.629600
2459003.5 1361.662700
2459004.5 1361.670500
2459005.5 1361.687500
2459006.5 1361.701400
2459007.5 1361.667500
2459008.5 1361.677600
2459009.5 1361.636100
2459010.5 1361.625800
2459011.5 1361.637600
2459012.5 1361.612000
2459013.5 1361.616400
2459014.5 1361.618100
2459015.5 1361.623600
2459016.5 1361.613200
2459017.5 1361.610300
2459018.5 1361.637400
2459019.5 1361.616000
2459020.5 1361.627400
2459021.5 1361.614700
2459022.5 1361.608300
2459023.5 1361.616100
2459024.5 1361.609300
2459025.5 1361.627600
2459026.5 1361.618300
2459027.5 1361.611400
2459028.5 1361.641600
2459029.5 1361.634400
2459030.5 1361.617900
2459031.5 1361.625500
2459032.5 1361.630900
2459033.5 1361.645300
2459034.5 NaN
2459035.5 NaN
2459036.5 NaN
2459037.5 NaN
2459038.5 NaN
2459039.5 NaN
2459040.5 1361.658300
2459041.5 1361.635000
2459042.5 1361.641900
2459043.5 NaN
2459044.5 NaN
2459045.5 NaN
2459046.5 NaN
2459047.5 NaN
2459048.5 NaN
2459049.5 NaN
2459050.5 NaN
2459051.5 1361.627500
2459052.5 1361.623200
2459053.5 1361.625200
2459054.5 1361.583300
2459055.5 NaN
2459056.5 1361.563000
2459057.5 1361.557400
2459058.5 1361.540000
2459059.5 1361.606600
2459060.5 1361.641700
2459061.5 1361.722200
2459062.5 1361.740300
2459063.5 1361.761000
2459064.5 NaN
2459065.5 1361.764300
2459066.5 1361.770500
2459067.5 1361.754500
2459068.5 1361.762600
2459069.5 1361.749100
2459070.5 1361.744900
2459071.5 1361.732800
2459072.5 1361.702900
2459073.5 1361.711600
2459074.5 1361.698100
2459075.5 1361.747800
2459076.5 1361.751100
2459077.5 1361.704700
2459078.5 1361.686400
2459079.5 1361.656800
2459080.5 1361.675000
2459081.5 1361.679600
2459082.5 1361.683600
2459083.5 1361.701400
2459084.5 1361.662300
2459085.5 1361.668200
2459086.5 1361.646200
2459087.5 1361.663400
2459088.5 1361.670800
2459089.5 1361.678700
2459090.5 1361.704000
2459091.5 1361.684900
2459092.5 1361.682500
2459093.5 1361.667900
2459094.5 1361.676100
2459095.5 1361.681600
2459096.5 1361.672800
2459097.5 1361.684400
2459098.5 1361.677200
2459099.5 1361.662200
2459100.5 1361.654000
2459101.5 1361.642200
2459102.5 1361.624700
2459103.5 1361.655400
2459104.5 1361.608700
2459105.5 1361.624700
2459106.5 1361.646500
2459107.5 1361.632600
2459108.5 1361.622700
2459109.5 1361.619300
2459110.5 1361.595700
2459111.5 1361.609700
2459112.5 1361.628700
2459113.5 1361.618500
2459114.5 1361.600500
2459115.5 1361.625800
2459116.5 1361.673800
2459117.5 1361.705900
2459118.5 1361.695500
2459119.5 1361.712700
2459120.5 1361.725200
2459121.5 1361.734500
2459122.5 1361.730000
2459123.5 1361.717200
2459124.5 1361.739800
2459125.5 1361.732000
2459126.5 1361.733400
2459127.5 1361.690700
2459128.5 1361.675500
2459129.5 1361.643800
2459130.5 NaN
2459131.5 1361.612300
2459132.5 1361.628200
2459133.5 1361.645100
2459134.5 1361.668900
2459135.5 1361.693100
2459136.5 1361.674400
2459137.5 1361.702500
2459138.5 1361.724200
2459139.5 1361.714300
2459140.5 1361.700500
2459141.5 1361.643400
2459142.5 1361.584900
2459143.5 1361.659200
2459144.5 1361.677700
2459145.5 NaN
2459146.5 1361.759600
2459147.5 1361.762100
2459148.5 1361.715800
2459149.5 1361.680400
2459150.5 1361.620200
2459151.5 1361.634900
2459152.5 1361.644100
2459153.5 1361.761600
2459154.5 1361.767800
2459155.5 1361.731000
2459156.5 1361.699700
2459157.5 1361.713500
2459158.5 1361.687800
2459159.5 1361.585700
2459160.5 1361.489400
2459161.5 1361.535000
2459162.5 1361.556100
2459163.5 1361.560100
2459164.5 1361.774900
2459165.5 1361.807800
2459166.5 1361.913800
2459167.5 1361.899800
2459168.5 1361.892100
2459169.5 1361.797800
2459170.5 1361.765200
2459171.5 1361.722400
2459172.5 NaN
2459173.5 1361.863300
2459174.5 1361.820300
2459175.5 1361.753500
2459176.5 1361.700100
2459177.5 1361.653200
2459178.5 1361.702800
2459179.5 1361.693900
2459180.5 1361.477900
2459181.5 1361.338100
2459182.5 1361.227100
2459183.5 1361.162300
2459184.5 1361.301600
2459185.5 1361.524800
2459186.5 1361.767200
2459187.5 1361.944100
2459188.5 1362.069600
2459189.5 1362.022500
2459190.5 1361.899600
2459191.5 1361.825000
2459192.5 1361.816500
2459193.5 1361.846500
2459194.5 1361.840300
2459195.5 1361.877900
2459196.5 NaN
2459197.5 NaN
2459198.5 NaN
2459199.5 NaN
2459200.5 NaN
2459201.5 NaN
2459202.5 1361.849400
2459203.5 1361.813800
2459204.5 NaN
2459205.5 1361.871400
2459206.5 1361.909700
2459207.5 1361.895900
2459208.5 1361.831100
2459209.5 1361.702100
2459210.5 1361.603900
2459211.5 1361.608300
2459212.5 1361.645700
2459213.5 1361.773900
2459214.5 1361.857000
2459215.5 1361.926000
2459216.5 1361.930900
2459217.5 1361.932100
2459218.5 1361.896100
2459219.5 1361.834300
2459220.5 1361.798700
2459221.5 1361.777300
2459222.5 1361.768700
2459223.5 1361.751400
2459224.5 1361.748600
2459225.5 1361.740200
2459226.5 NaN
2459227.5 NaN
2459228.5 1361.705500
2459229.5 NaN
2459230.5 NaN
2459231.5 NaN
2459232.5 NaN
2459233.5 1361.834600
2459234.5 1361.862200
2459235.5 1361.854000
2459236.5 1361.819900
2459237.5 1361.819200
2459238.5 1361.875500
2459239.5 1361.929800
2459240.5 1361.926600
2459241.5 1361.922300
2459242.5 1361.925700
2459243.5 1361.909900
2459244.5 1361.888300
2459245.5 1361.828200
2459246.5 1361.798600
2459247.5 1361.772000
2459248.5 1361.752800
2459249.5 1361.713800
2459250.5 1361.713700
2459251.5 1361.702000
2459252.5 1361.716300
2459253.5 1361.713800
2459254.5 1361.706900
2459255.5 1361.707800
2459256.5 1361.717500
2459257.5 1361.740900
2459258.5 1361.768700
2459259.5 1361.754100
2459260.5 1361.782500
2459261.5 1361.802600
2459262.5 1361.819500
2459263.5 1361.822100
2459264.5 1361.822500
2459265.5 1361.835900
2459266.5 1361.861100
2459267.5 1361.847800
2459268.5 1361.838400
2459269.5 1361.750500
2459270.5 1361.751700
2459271.5 1361.725300
2459272.5 1361.775100
2459273.5 1361.809600
2459274.5 1361.818100
2459275.5 1361.751100
2459276.5 1361.721200
2459277.5 1361.689800
2459278.5 1361.731200
2459279.5 1361.711200
2459280.5 1361.711900
2459281.5 1361.734200
2459282.5 1361.768300
2459283.5 1361.765900
2459284.5 1361.789100
2459285.5 1361.803900
2459286.5 1361.793500
2459287.5 NaN
2459288.5 1361.777900
2459289.5 1361.776800
2459290.5 1361.817700
2459291.5 1361.827400
2459292.5 1361.870300
2459293.5 1361.887000
2459294.5 NaN
2459295.5 1361.878300
2459296.5 1361.866600
2459297.5 1361.881700
2459298.5 1361.881500
2459299.5 1361.873100
2459300.5 1361.847500
2459301.5 1361.830400
2459302.5 1361.832700
2459303.5 1361.827200
2459304.5 1361.800600
2459305.5 1361.777300
2459306.5 1361.762600
2459307.5 1361.715500
2459308.5 1361.705000
2459309.5 1361.712200
2459310.5 NaN
2459311.5 1361.742300
2459312.5 1361.721700
2459313.5 1361.731500
2459314.5 1361.721300
2459315.5 1361.749000
2459316.5 1361.756900
2459317.5 1361.762700
2459318.5 1361.741500
2459319.5 1361.761900
2459320.5 1361.800900
2459321.5 1361.836100
2459322.5 1361.864700
2459323.5 1361.843200
2459324.5 1361.778900
2459325.5 1361.753400
2459326.5 1361.777500
2459327.5 1361.796500
2459328.5 1361.798300
2459329.5 1361.788200
2459330.5 1361.700400
2459331.5 1361.608200
2459332.5 1361.681700
2459333.5 NaN
2459334.5 1361.810300
2459335.5 1361.804600
2459336.5 1361.769600
2459337.5 NaN
2459338.5 1361.732100
2459339.5 1361.736100
2459340.5 1361.746500
2459341.5 1361.737800
2459342.5 1361.746300
2459343.5 1361.740000
2459344.5 1361.756200
2459345.5 1361.714400
2459346.5 1361.702800
2459347.5 1361.712400
2459348.5 1361.746300
2459349.5 NaN
2459350.5 NaN
2459351.5 NaN
2459352.5 NaN
2459353.5 1361.917400
2459354.5 1361.915200
2459355.5 1361.848700
2459356.5 1361.777800
2459357.5 1361.733400
2459358.5 1361.715800
2459359.5 1361.704200
2459360.5 1361.710500
2459361.5 1361.658000
2459362.5 1361.742000
2459363.5 1361.804600
2459364.5 1361.825600
2459365.5 1361.747800
2459366.5 1361.704200
2459367.5 1361.725000
2459368.5 1361.753400
2459369.5 1361.729400
2459370.5 1361.764400
2459371.5 1361.777300
2459372.5 1361.882400
2459373.5 1361.838400
2459374.5 1361.825800
2459375.5 1361.854400
2459376.5 1361.927200
2459377.5 1361.971400
2459378.5 1361.929100
2459379.5 1361.925100
2459380.5 1361.927100
2459381.5 1361.905400
2459382.5 1361.906800
2459383.5 1361.863000
2459384.5 1361.841300
2459385.5 1361.787500
2459386.5 1361.731200
2459387.5 1361.789000
2459388.5 1361.827300
2459389.5 1361.944300
2459390.5 1361.986000
2459391.5 1362.080100
2459392.5 1361.998700
2459393.5 1361.909500
2459394.5 1361.851900
2459395.5 NaN
2459396.5 1361.473300
2459397.5 1361.507800
2459398.5 NaN
2459399.5 1361.827200
2459400.5 1361.920200
2459401.5 1361.945600
2459402.5 NaN
2459403.5 NaN
2459404.5 NaN
2459405.5 NaN
2459406.5 NaN
2459407.5 1361.907800
2459408.5 NaN
2459409.5 NaN
2459410.5 NaN
2459411.5 NaN
2459412.5 NaN
2459413.5 NaN
2459414.5 1361.851400
2459415.5 1361.923100
2459416.5 1361.959300
2459417.5 1361.976500
2459418.5 NaN
2459419.5 1362.165200
2459420.5 1362.149200
2459421.5 1362.175700
2459422.5 1362.179500
2459423.5 1362.168700
2459424.5 1362.179300
2459425.5 1362.146100
2459426.5 NaN
2459427.5 1362.049600
2459428.5 1362.016700
2459429.5 1361.937100
2459430.5 1361.885300
2459431.5 1361.889900
2459432.5 1361.882000
2459433.5 1361.833300
2459434.5 1361.884000
2459435.5 1361.936900
2459436.5 1361.959800
2459437.5 1361.961300
2459438.5 1361.908200
2459439.5 1361.892600
2459440.5 1361.878900
2459441.5 1361.909500
2459442.5 1361.890600
2459443.5 1361.874900
2459444.5 1361.960700
2459445.5 1361.957600
2459446.5 1361.967000
2459447.5 1361.954100
2459448.5 1361.924400
2459449.5 1361.988000
2459450.5 1362.035900
2459451.5 1362.059300
2459452.5 1361.988400
2459453.5 1361.986700
2459454.5 1361.873000
2459455.5 1361.761200
2459456.5 1361.804100
2459457.5 1361.808800
2459458.5 1361.982300
2459459.5 1362.038000
2459460.5 1361.993900
2459461.5 1361.889300
2459462.5 1361.778600
2459463.5 1361.670500
2459464.5 1361.465100
2459465.5 1361.338200
2459466.5 1361.343100
2459467.5 1361.432900
2459468.5 1361.661800
2459469.5 1361.832600
2459470.5 NaN
2459471.5 1362.074300
2459472.5 1362.001100
2459473.5 1361.913800
2459474.5 1361.841900
2459475.5 1361.847100
2459476.5 1361.891300
2459477.5 1361.905000
2459478.5 1361.934900
2459479.5 1361.967800
2459480.5 1361.996700
2459481.5 1362.045500
2459482.5 1362.068100
2459483.5 NaN
2459484.5 1362.121900
2459485.5 1362.182600
2459486.5 1362.203400
2459487.5 NaN
2459488.5 NaN
2459489.5 1361.894400
2459490.5 1361.911700
2459491.5 1361.862800
2459492.5 1361.930800
2459493.5 1361.934500
2459494.5 1361.977200
2459495.5 1361.909500
2459496.5 1361.811200
2459497.5 1361.757000
2459498.5 1361.690500
2459499.5 1361.730300
2459500.5 1361.756500
2459501.5 NaN
2459502.5 1361.970500
2459503.5 1361.962100
2459504.5 1361.964100
2459505.5 NaN
2459506.5 1361.995100
2459507.5 1361.985500
2459508.5 1361.950600
2459509.5 NaN
2459510.5 1361.947700
2459511.5 1361.945900
2459512.5 1361.982300
2459513.5 1361.938700
2459514.5 1361.917300
2459515.5 1361.958800
2459516.5 1362.056700
2459517.5 1362.066400
2459518.5 1362.052100
2459519.5 1362.113900
2459520.5 1362.164400
2459521.5 1362.130800
2459522.5 1362.042600
2459523.5 1362.041500
2459524.5 1362.005200
2459525.5 1362.014000
2459526.5 1362.017100
2459527.5 1361.914500
2459528.5 1361.876000
2459529.5 1361.861300
2459530.5 NaN
2459531.5 NaN
2459532.5 1361.896000
2459533.5 1361.906200
2459534.5 1361.982000
2459535.5 1361.994700
2459536.5 NaN
2459537.5 1361.943000
2459538.5 1361.902500
2459539.5 1361.952700
2459540.5 1361.979500
2459541.5 1362.015300
2459542.5 1362.080600
2459543.5 1362.112700
2459544.5 1362.110600
2459545.5 NaN
2459546.5 NaN
2459547.5 1361.990200
2459548.5 1362.027200
2459549.5 1362.037600
2459550.5 1362.051500
2459551.5 1362.042600
2459552.5 1362.054700
2459553.5 1362.007400
2459554.5 1362.004500
2459555.5 1361.950700
2459556.5 1361.941300
2459557.5 NaN
2459558.5 NaN
2459559.5 1361.874600
2459560.5 NaN
2459561.5 NaN
2459562.5 NaN
2459563.5 NaN
2459564.5 NaN
2459565.5 NaN
2459566.5 NaN
2459567.5 1362.028300
2459568.5 1362.193600
2459569.5 NaN
2459570.5 1362.259100
2459571.5 1362.273800
2459572.5 NaN
2459573.5 NaN
2459574.5 1361.828800
2459575.5 1361.688100
2459576.5 1361.670400
2459577.5 1361.784000
2459578.5 1361.898200
2459579.5 1362.003700
2459580.5 1362.033400
2459581.5 1362.075600
2459582.5 1362.102000
2459583.5 1362.016400
2459584.5 1361.976800
2459585.5 1361.948800
2459586.5 1361.847400
2459587.5 1361.623700
2459588.5 1361.576300
2459589.5 1361.668400
2459590.5 NaN
2459591.5 NaN
2459592.5 NaN
2459593.5 NaN
2459594.5 NaN
2459595.5 NaN
2459596.5 NaN
2459597.5 1362.322000
2459598.5 1362.407800
2459599.5 1362.477800
2459600.5 1362.548400
2459601.5 1362.395600
2459602.5 1362.361700
2459603.5 1362.291900
2459604.5 1362.254400
2459605.5 1362.195400
2459606.5 1362.166000
2459607.5 1362.139700
2459608.5 1361.814200
2459609.5 1361.573100
2459610.5 1361.484300
2459611.5 1361.605500
2459612.5 1361.682400
2459613.5 1361.858200
2459614.5 1361.990700
2459615.5 1362.098900
2459616.5 1362.071100
2459617.5 1362.070800
2459618.5 1362.167000
2459619.5 1362.193700
2459620.5 1362.386000
2459621.5 1362.426300
2459622.5 1362.430200
2459623.5 1362.356400
2459624.5 1362.356200
2459625.5 1362.340900
2459626.5 1362.350000
2459627.5 1362.290800
2459628.5 1362.323100
2459629.5 1362.294300
2459630.5 1362.266300
2459631.5 1362.279200
2459632.5 1362.298500
2459633.5 1362.298500
2459634.5 1362.286000
2459635.5 1362.180300
2459636.5 1362.094400
2459637.5 NaN
2459638.5 1362.175600
2459639.5 1362.220700
2459640.5 1362.217400
2459641.5 1362.148500
2459642.5 1362.134900
2459643.5 1362.119100
2459644.5 1362.102700
2459645.5 1362.182400
2459646.5 1362.165500
2459647.5 1362.151000
2459648.5 1362.234900
2459649.5 1362.244000
2459650.5 1362.217900
2459651.5 1362.242100
2459652.5 1362.176100
2459653.5 1362.168200
2459654.5 1362.234100
2459655.5 1362.278600
2459656.5 1362.309600
2459657.5 1362.348500
2459658.5 NaN
2459659.5 1362.286200
2459660.5 1362.219700
2459661.5 1362.254000
2459662.5 1362.283000
2459663.5 1362.307200
2459664.5 1362.252100
2459665.5 1362.147000
2459666.5 1361.893800
2459667.5 1361.794800
2459668.5 1361.719200
2459669.5 1361.666800
2459670.5 1361.853000
2459671.5 1361.950000
2459672.5 NaN
2459673.5 1362.164500
2459674.5 1362.215900
2459675.5 1362.365200
2459676.5 1362.572700
2459677.5 1362.740300
2459678.5 1362.744500
2459679.5 1362.704600
2459680.5 1362.569700
2459681.5 1362.507300
2459682.5 1362.466800
2459683.5 1362.436000
2459684.5 1362.417700
2459685.5 1362.395500
2459686.5 1362.353300
2459687.5 1362.306500
2459688.5 1362.234500
2459689.5 1362.074300
2459690.5 NaN
2459691.5 1361.528200
2459692.5 1361.516200
2459693.5 1361.594200
2459694.5 1361.860200
2459695.5 1361.970100
2459696.5 1362.436100
2459697.5 1362.708400
2459698.5 NaN
2459699.5 1362.607600
2459700.5 1362.526200
2459701.5 1362.458500
2459702.5 1362.414300
2459703.5 1362.383100
2459704.5 1362.243200
2459705.5 NaN
2459706.5 1362.272900
2459707.5 1362.377600
2459708.5 1362.515500
2459709.5 1362.482100
2459710.5 1362.356400
2459711.5 1362.276700
2459712.5 1362.209700
2459713.5 1362.259900
2459714.5 NaN
2459715.5 NaN
2459716.5 NaN
2459717.5 1362.646100
2459718.5 1362.321400
2459719.5 1362.142300
2459720.5 1362.071000
2459721.5 NaN
2459722.5 1362.297800
2459723.5 1362.564200
2459724.5 1362.807500
2459725.5 1362.818300
2459726.5 1362.667200
2459727.5 1362.634800
2459728.5 1362.374700
2459729.5 1362.350600
2459730.5 1362.289400
2459731.5 1362.289300
2459732.5 NaN
2459733.5 NaN
2459734.5 1362.311100
2459735.5 1362.504600
2459736.5 1362.553300
2459737.5 1362.549800
2459738.5 1362.535300
2459739.5 1362.561300
2459740.5 1362.620700
2459741.5 1362.823400
2459742.5 1362.952600
2459743.5 1362.977900
2459744.5 1362.928600
2459745.5 1362.626000
2459746.5 1362.424100
2459747.5 1362.444900
2459748.5 NaN
2459749.5 1362.620600
2459750.5 1362.669500
2459751.5 NaN
2459752.5 NaN
2459753.5 1362.210800
2459754.5 1362.319200
2459755.5 1362.367600
2459756.5 1362.338000
2459757.5 NaN
2459758.5 1362.217300
2459759.5 1362.281000
2459760.5 1362.315800
2459761.5 1362.363900
2459762.5 1362.461400
2459763.5 1362.460400
2459764.5 NaN
2459765.5 1362.366600
2459766.5 1362.438600
2459767.5 1362.554100
2459768.5 1362.595500
2459769.5 1362.443400
2459770.5 1362.259800
2459771.5 1362.020900
2459772.5 NaN
2459773.5 NaN
2459774.5 NaN
2459775.5 NaN
2459776.5 NaN
2459777.5 NaN
2459778.5 1362.418200
2459779.5 1362.454600
2459780.5 1362.498200
2459781.5 1362.536800
2459782.5 1362.511500
2459783.5 1362.385600
2459784.5 1362.346000
2459785.5 1362.350500
2459786.5 1362.409100
2459787.5 1362.387600
2459788.5 1362.406600
2459789.5 1362.355900
2459790.5 1362.249900
2459791.5 1362.172200
2459792.5 1362.185100
2459793.5 1362.247900
2459794.5 1362.283700
2459795.5 1362.406800
2459796.5 1362.465400
2459797.5 1362.568300
2459798.5 1362.728100
2459799.5 1362.865500
2459800.5 1362.794500
2459801.5 1362.645500
2459802.5 1362.585600
2459803.5 1362.602300
2459804.5 1362.557700
2459805.5 1362.509700
2459806.5 1362.474500
2459807.5 1362.340200
2459808.5 1362.296000
2459809.5 1362.295200
2459810.5 NaN
2459811.5 1362.354200
2459812.5 1362.376700
2459813.5 1362.350500
2459814.5 1362.182000
2459815.5 1362.049900
2459816.5 1361.999900
2459817.5 1361.977700
2459818.5 1362.002000
2459819.5 1362.029900
2459820.5 1362.066500
2459821.5 1361.976300
2459822.5 1361.899000
2459823.5 1362.033400
2459824.5 1362.271300
2459825.5 1362.423400
2459826.5 1362.562100
2459827.5 1362.599200
2459828.5 1362.647600
2459829.5 1362.707500
2459830.5 1362.737100
2459831.5 1362.753400
2459832.5 1362.800200
2459833.5 1362.862600
2459834.5 1362.714300
2459835.5 1362.508500
2459836.5 1362.503000
2459837.5 1362.610200
2459838.5 1362.706600
2459839.5 1362.465300
2459840.5 1362.385300
2459841.5 1362.330500
2459842.5 1362.362000
2459843.5 1362.381300
2459844.5 1362.386600
2459845.5 NaN
2459846.5 1362.288900
2459847.5 1362.186000
2459848.5 1362.147300
2459849.5 1362.220800
2459850.5 1362.304200
2459851.5 1362.483400
2459852.5 1362.586900
2459853.5 1362.738000
2459854.5 1362.742100
2459855.5 1362.609500
2459856.5 1362.422900
2459857.5 1362.364700
2459858.5 1362.292300
2459859.5 1362.343500
2459860.5 1362.496800
2459861.5 1362.512200
2459862.5 1362.428300
2459863.5 1362.384800
2459864.5 1362.517300
2459865.5 1362.908900
2459866.5 1362.976300
2459867.5 1362.934500
2459868.5 1362.722500
2459869.5 1362.643500
2459870.5 1362.558700
2459871.5 1362.573700
2459872.5 NaN
2459873.5 1362.620800
2459874.5 1362.610100
2459875.5 1362.624400
2459876.5 1362.557800
2459877.5 NaN
2459878.5 NaN
2459879.5 1362.559800
2459880.5 1362.518200
2459881.5 NaN
2459882.5 1362.676900
2459883.5 1362.664800
2459884.5 1362.639100
2459885.5 1362.684600
2459886.5 1362.806300
2459887.5 1362.900500
2459888.5 1362.936600
2459889.5 1362.896600
2459890.5 1362.796200
2459891.5 1362.657700
2459892.5 NaN
2459893.5 NaN
2459894.5 NaN
2459895.5 NaN
2459896.5 NaN
2459897.5 1362.268700
2459898.5 NaN
2459899.5 NaN
2459900.5 NaN
2459901.5 NaN
2459902.5 NaN
2459903.5 1362.444700
2459904.5 1362.366000
2459905.5 1362.263800
2459906.5 1362.212400
2459907.5 1362.310100
2459908.5 1362.509400
2459909.5 1362.633600
2459910.5 1362.720800
2459911.5 1362.702100
2459912.5 1362.530500
2459913.5 1362.488000
2459914.5 1362.485700
2459915.5 1362.562300
2459916.5 1362.529200
2459917.5 1362.483600
2459918.5 1362.220700
2459919.5 1361.951600
2459920.5 1361.792000
2459921.5 1361.773000
2459922.5 1361.850200
2459923.5 1362.027300
2459924.5 NaN
2459925.5 NaN
2459926.5 NaN
2459927.5 NaN
2459928.5 NaN
2459929.5 NaN
2459930.5 NaN
2459931.5 1362.190600
2459932.5 1362.350300
2459933.5 1362.546900
2459934.5 1362.541900
2459935.5 1362.533000
2459936.5 1362.340400
2459937.5 1362.340300
2459938.5 1362.283100
2459939.5 1362.226600
2459940.5 1362.369500
2459941.5 1362.465000
2459942.5 1362.547600
2459943.5 1362.519300
2459944.5 1362.365900
2459945.5 1362.233500
2459946.5 1362.380000
2459947.5 1362.472800
2459948.5 1362.608600
2459949.5 1362.726700
2459950.5 1362.981400
2459951.5 1362.981500
2459952.5 NaN
2459953.5 NaN
2459954.5 NaN
2459955.5 NaN
2459956.5 NaN
2459957.5 NaN
2459958.5 NaN
2459959.5 NaN
2459960.5 NaN
2459961.5 NaN
2459962.5 1361.556800
2459963.5 1361.464500
2459964.5 1361.619100
2459965.5 1361.837600
2459966.5 1362.161500
2459967.5 1362.486600
2459968.5 1362.804600
2459969.5 1363.057600
2459970.5 1363.014400
2459971.5 1362.938700
2459972.5 1362.992000
2459973.5 1362.955600
2459974.5 1362.977400
2459975.5 1363.035600
2459976.5 1363.086100
2459977.5 1363.186000
2459978.5 1363.213100
2459979.5 1363.248700
2459980.5 1363.189000
2459981.5 1363.253000
2459982.5 1363.185800
2459983.5 1363.094200
2459984.5 1362.586400
2459985.5 1362.569300
2459986.5 1362.810400
2459987.5 1362.883300
2459988.5 1362.784800
2459989.5 1362.658100
2459990.5 1362.364200
2459991.5 1362.224600
2459992.5 1362.249400
2459993.5 1362.321300
2459994.5 NaN
2459995.5 NaN
2459996.5 1362.788300
2459997.5 1362.700500
2459998.5 1362.488100
2459999.5 1362.250000
2460000.5 1362.051400
2460001.5 1362.084100
2460002.5 NaN
2460003.5 1362.460300
2460004.5 1362.575200
2460005.5 1362.755800
2460006.5 1363.076400
2460007.5 1363.178000
2460008.5 1363.199300
2460009.5 NaN
2460010.5 NaN
2460011.5 1362.753600
2460012.5 1362.737500
2460013.5 1363.026100
2460014.5 1363.105600
2460015.5 1363.213700
2460016.5 1363.258900
2460017.5 1363.173300
2460018.5 1363.072600
2460019.5 1363.017400
2460020.5 NaN
2460021.5 1363.090700
2460022.5 1363.072200
2460023.5 1362.969400
2460024.5 1362.794100
2460025.5 1362.714700
2460026.5 1362.451300
2460027.5 1362.320400
2460028.5 1362.091100
2460029.5 1362.136700
2460030.5 1362.434300
2460031.5 1362.624100
2460032.5 1362.728400
2460033.5 1363.124200
2460034.5 NaN
2460035.5 1363.104700
2460036.5 1363.085800
2460037.5 1363.041100
2460038.5 1362.968000
2460039.5 1362.952200
2460040.5 1363.053200
2460041.5 1363.185400
2460042.5 1363.330400
2460043.5 1363.210300
2460044.5 1363.023600
2460045.5 1362.858600
2460046.5 1362.830900
2460047.5 1362.879000
2460048.5 1362.955500
2460049.5 1362.822300
2460050.5 1362.834500
2460051.5 1362.768800
2460052.5 1362.730800
2460053.5 1362.618300
2460054.5 NaN
2460055.5 1362.557100
2460056.5 1362.688200
2460057.5 1362.970900
2460058.5 1363.015900
2460059.5 1362.971700
2460060.5 1362.816600
2460061.5 1362.656800
2460062.5 1362.423700
2460063.5 1362.288900
2460064.5 1362.154400
2460065.5 NaN
2460066.5 1362.707800
2460067.5 1362.854100
2460068.5 1362.799200
2460069.5 1362.437900
2460070.5 1362.445100
2460071.5 NaN
2460072.5 1362.065800
2460073.5 1362.020500
2460074.5 1362.120700
2460075.5 1362.468400
2460076.5 1362.842100
2460077.5 NaN
2460078.5 NaN
2460079.5 NaN
2460080.5 1362.665600
2460081.5 1362.668600
2460082.5 1362.714700
2460083.5 1362.797900
2460084.5 1362.781200
2460085.5 1362.702500
2460086.5 1362.441000
2460087.5 1362.085600
2460088.5 1361.636100
2460089.5 1361.632500
2460090.5 NaN
2460091.5 1361.820400
2460092.5 1361.782100
2460093.5 1362.094000
2460094.5 1362.290000
2460095.5 NaN
2460096.5 1362.461500
2460097.5 1362.476300
2460098.5 1362.389200
2460099.5 1362.343400
2460100.5 1362.467200
2460101.5 1362.551600
2460102.5 1362.652000
2460103.5 1362.882300
2460104.5 1362.837700
2460105.5 1362.810700
2460106.5 1362.911100
2460107.5 1362.939100
2460108.5 1362.994600
2460109.5 1363.112500
2460110.5 1363.245500
2460111.5 1363.173400
2460112.5 1363.050100
2460113.5 1362.683500
2460114.5 1362.579900
2460115.5 1362.635100
2460116.5 1362.694800
2460117.5 1362.789000
2460118.5 1362.825300
2460119.5 1363.021600
2460120.5 1363.051200
2460121.5 1363.007700
2460122.5 1362.884000
2460123.5 1362.630400
2460124.5 1362.054300
2460125.5 1361.978100
2460126.5 1362.181200
2460127.5 1362.371300
2460128.5 1362.586400
2460129.5 1362.761900
2460130.5 1362.933200
2460131.5 1362.805400
2460132.5 1362.682200
2460133.5 1362.452000
2460134.5 1362.277900
2460135.5 1362.104300
2460136.5 NaN
2460137.5 NaN
2460138.5 NaN
2460139.5 NaN
2460140.5 NaN
2460141.5 1361.978900
2460142.5 1362.085100
2460143.5 1362.150400
2460144.5 1361.999700
2460145.5 1361.954200
2460146.5 1362.008700
2460147.5 1362.153600
2460148.5 1362.294100
2460149.5 1362.485100
2460150.5 1362.598500
2460151.5 1362.508300
2460152.5 1362.534200
2460153.5 1362.598000
2460154.5 1362.539500
2460155.5 1362.628600
2460156.5 1362.533000
2460157.5 1362.373000
2460158.5 1362.248800
2460159.5 1362.363300
2460160.5 1362.585100
2460161.5 1362.735800
2460162.5 1362.898300
2460163.5 NaN
2460164.5 1363.056900
2460165.5 1363.039300
2460166.5 1362.997000
2460167.5 1363.012000
2460168.5 NaN
2460169.5 NaN
2460170.5 1363.271100
2460171.5 1363.232300
2460172.5 1363.109600
2460173.5 1362.768500
2460174.5 1362.696500
2460175.5 NaN
2460176.5 1362.958700
2460177.5 1362.998200
2460178.5 NaN
2460179.5 1362.818300
2460180.5 1362.636100
2460181.5 1362.554100
2460182.5 NaN
2460183.5 NaN
2460184.5 1362.439200
2460185.5 1362.471000
2460186.5 1362.552900
2460187.5 1362.704600
2460188.5 1362.860400
2460189.5 1362.986400
2460190.5 1363.063100
2460191.5 1363.058200
2460192.5 1362.928000
2460193.5 1362.936200
2460194.5 1362.896000
2460195.5 1362.921400
2460196.5 1363.050000
2460197.5 1362.833000
2460198.5 1362.766200
2460199.5 1362.662800
2460200.5 1362.743600
2460201.5 1362.941900
2460202.5 1363.020000
2460203.5 1363.123300
2460204.5 NaN
2460205.5 1363.130900
2460206.5 1362.972700
2460207.5 1362.767100
2460208.5 1362.733500
2460209.5 1362.525000
2460210.5 1362.361300
2460211.5 1362.285700
2460212.5 1362.316300
2460213.5 1362.588200
2460214.5 1362.809500
2460215.5 1362.911100
2460216.5 1363.227200
2460217.5 NaN
2460218.5 NaN
2460219.5 NaN
2460220.5 NaN
2460221.5 NaN
2460222.5 1363.126000
2460223.5 1363.246500
2460224.5 1363.376200
2460225.5 1363.417200
2460226.5 1363.300800
2460227.5 NaN
2460228.5 NaN
2460229.5 NaN
2460230.5 NaN
2460231.5 NaN
2460232.5 NaN
2460233.5 NaN
2460234.5 NaN
2460235.5 NaN
2460236.5 NaN
2460237.5 NaN
2460238.5 1363.000100
2460239.5 1362.903000
2460240.5 1362.896100
2460241.5 1362.904200
2460242.5 1362.987300
2460243.5 1363.092400
2460244.5 NaN
2460245.5 1363.366900
2460246.5 1363.382700
2460247.5 1363.256700
2460248.5 1362.903400
2460249.5 1362.808900
2460250.5 1362.933000
2460251.5 1363.145200
2460252.5 1363.384100
2460253.5 1363.388500
2460254.5 1363.126800
2460255.5 1362.966300
2460256.5 NaN
2460257.5 NaN
2460258.5 NaN
2460259.5 NaN
2460260.5 NaN
2460261.5 NaN
2460262.5 1362.855300
2460263.5 1362.812200
2460264.5 NaN
2460265.5 1362.780400
2460266.5 1362.766400
2460267.5 1362.749700
2460268.5 1362.858000
2460269.5 1362.931000
2460270.5 1362.970400
2460271.5 1362.868500
2460272.5 1362.652200
2460273.5 1362.541000
2460274.5 1362.457100
2460275.5 1362.609600
2460276.5 1362.707900
2460277.5 1362.838400
2460278.5 1362.963200
2460279.5 1363.135200
2460280.5 1363.081600
2460281.5 1362.952900
2460282.5 1362.874300
2460283.5 1362.375200
2460284.5 1362.217000
2460285.5 1362.214900
2460286.5 1362.413300
2460287.5 1362.496300
2460288.5 NaN
2460289.5 NaN
2460290.5 NaN
2460291.5 NaN
2460292.5 NaN
2460293.5 NaN
2460294.5 1362.569000
2460295.5 1362.862300
2460296.5 1363.049500
2460297.5 1363.190500
2460298.5 1363.198700
2460299.5 NaN
2460300.5 NaN
2460301.5 NaN
2460302.5 NaN
2460303.5 1362.708700
2460304.5 1362.879700
2460305.5 1363.015100
2460306.5 NaN
2460307.5 1363.227700
2460308.5 1363.122900
2460309.5 1363.008000
2460310.5 1362.915400
2460311.5 1362.922300
2460312.5 1362.926900
2460313.5 1362.896800
2460314.5 1362.800100
2460315.5 1362.756500
2460316.5 1362.757700
2460317.5 NaN
2460318.5 NaN
2460319.5 NaN
2460320.5 NaN
2460321.5 NaN
2460322.5 NaN
2460323.5 NaN
2460324.5 NaN
2460325.5 1362.997600
2460326.5 1362.998600
2460327.5 1362.984100
2460328.5 1362.966800
2460329.5 1362.966700
2460330.5 1362.928500
2460331.5 1362.521400
2460332.5 1362.394800
2460333.5 1362.307900
2460334.5 1362.507200
2460335.5 1362.768600
2460336.5 1362.972700
2460337.5 1363.112200
2460338.5 1363.278600
2460339.5 1363.202900
2460340.5 1363.003500
2460341.5 1362.897700
2460342.5 NaN
2460343.5 1362.882700
2460344.5 1362.709000
2460345.5 1362.641800
2460346.5 1362.780100
2460347.5 1362.795200
2460348.5 1362.643500
2460349.5 1362.226300
2460350.5 1362.177800
2460351.5 1362.214000
2460352.5 1362.363700
2460353.5 1362.416400
2460354.5 1362.491900
2460355.5 1362.903500
2460356.5 1363.125700
2460357.5 1363.221200
2460358.5 1363.207600
2460359.5 1362.938500
2460360.5 1362.945000
2460361.5 1362.841300
2460362.5 1362.534700
2460363.5 1362.252000
2460364.5 1361.957500
2460365.5 NaN
2460366.5 1361.535700
2460367.5 1361.610700
2460368.5 1361.867400
2460369.5 1362.053000
2460370.5 1362.228500
2460371.5 1362.376500
2460372.5 1362.633700
2460373.5 1362.783800
2460374.5 1363.172500
2460375.5 1363.142600
2460376.5 1362.786800
2460377.5 1362.652800
2460378.5 1362.713900
2460379.5 1362.809400
2460380.5 1362.925000
2460381.5 NaN
2460382.5 1363.155100
2460383.5 1363.185900
2460384.5 1363.131200
2460385.5 1362.953900
2460386.5 1362.844200
2460387.5 1362.860900
2460388.5 1363.043300
2460389.5 1363.102800
2460390.5 1363.059300
2460391.5 1362.992300
2460392.5 NaN
2460393.5 1361.965100
2460394.5 1361.676000
2460395.5 1361.667900
2460396.5 NaN
2460397.5 1362.387600
2460398.5 1362.575000
2460399.5 1362.761600
2460400.5 1363.006300
2460401.5 1363.053300
2460402.5 1363.032200
2460403.5 1362.965600
2460404.5 1362.930800
2460405.5 1362.836400
2460406.5 1362.678400
2460407.5 1362.739200
2460408.5 1362.789800
2460409.5 1362.806500
2460410.5 1362.739000
2460411.5 1362.627700
2460412.5 1362.543400
2460413.5 1362.559100
2460414.5 1362.728100
2460415.5 1362.997200
2460416.5 1363.168600
2460417.5 1363.188700
2460418.5 1363.082100
2460419.5 1362.724400
2460420.5 1362.379200
2460421.5 1362.366900
2460422.5 1362.749900
2460423.5 1362.977800
2460424.5 1363.105600
2460425.5 1363.300400
2460426.5 1363.285100
2460427.5 NaN
2460428.5 1362.618300
2460429.5 1362.448300
2460430.5 1362.484700
2460431.5 1362.663300
2460432.5 1362.833300
2460433.5 1362.763000
2460434.5 1362.132400
2460435.5 1361.728100
2460436.5 1361.519900
2460437.5 1361.556800
2460438.5 1361.282800
2460439.5 1360.874600
2460440.5 1360.716300
2460441.5 NaN
2460442.5 NaN
2460443.5 NaN
2460444.5 1363.413900
2460445.5 NaN
2460446.5 NaN
2460447.5 NaN
2460448.5 NaN
2460449.5 1363.273300
2460450.5 1363.168300
2460451.5 1363.029900
2460452.5 1362.790600
2460453.5 1362.516700
2460454.5 1362.553700
2460455.5 NaN
2460456.5 NaN
2460457.5 1362.757600
2460458.5 1362.683500
2460459.5 1362.645900
2460460.5 1362.597000
2460461.5 1362.702100
2460462.5 1362.709700
2460463.5 NaN
2460464.5 NaN
2460465.5 1362.589800
2460466.5 1362.638200
2460467.5 1362.741200
2460468.5 1362.835000
2460469.5 1363.213000
2460470.5 NaN
2460471.5 NaN
2460472.5 1363.324400
2460473.5 1363.231100
2460474.5 1363.198200
2460475.5 1363.121700
2460476.5 1362.726900
2460477.5 1362.512100
2460478.5 1362.049400
2460479.5 1361.871700
2460480.5 1361.613400
2460481.5 1361.300500
2460482.5 1361.337500
2460483.5 1361.901300
2460484.5 1362.489700
2460485.5 1362.788500
2460486.5 1362.707000
2460487.5 1362.756200
2460488.5 1362.852900
2460489.5 1362.898500
2460490.5 1362.882300
2460491.5 1363.130200
2460492.5 1363.197900
2460493.5 1363.191600
2460494.5 1363.207700
2460495.5 1363.257200
2460496.5 1363.148500
2460497.5 1363.232100
2460498.5 1363.220400
2460499.5 1363.143300
2460500.5 NaN
2460501.5 NaN
2460502.5 NaN
2460503.5 NaN
2460504.5 NaN
2460505.5 1362.609200
2460506.5 1362.760000
2460507.5 1363.012800
2460508.5 1363.285900
2460509.5 1363.492700
2460510.5 1363.425800
2460511.5 1363.224500
2460512.5 1363.047400
2460513.5 1362.846500
2460514.5 1362.911100
2460515.5 1363.168200
2460516.5 1363.276500
2460517.5 1363.159600
2460518.5 1362.784900
2460519.5 1362.463600
2460520.5 1361.402100
2460521.5 1361.351500
2460522.5 1361.571700
2460523.5 1361.695900
2460524.5 1362.310100
2460525.5 1362.394400
2460526.5 1362.532600
2460527.5 1362.381100
2460528.5 1362.198800
2460529.5 1362.048300
2460530.5 1361.614100
2460531.5 1361.590100
2460532.5 1361.984000
2460533.5 1362.259800
2460534.5 1362.421200
2460535.5 1362.317900
2460536.5 1362.286000
2460537.5 1362.686500
2460538.5 1362.903400
2460539.5 1362.983200
2460540.5 1362.954300
2460541.5 1362.756400
2460542.5 1362.568600
2460543.5 1362.261200
2460544.5 1361.792600
2460545.5 1361.569800
2460546.5 NaN
2460547.5 1361.575000
2460548.5 1361.863100
2460549.5 1362.215100
2460550.5 1362.675200
2460551.5 1363.014300
2460552.5 1363.404900
2460553.5 1363.390600
2460554.5 1363.282500
2460555.5 1363.309800
2460556.5 1363.267700
2460557.5 1363.249000
2460558.5 1363.182900
2460559.5 1363.397200
2460560.5 NaN
2460561.5 1363.622600
2460562.5 1363.577500
2460563.5 1363.381300
2460564.5 1363.121300
2460565.5 1363.165400
2460566.5 NaN
2460567.5 1363.472100
2460568.5 1363.387100
2460569.5 1363.320600
2460570.5 1363.174200
2460571.5 1363.060700
2460572.5 1363.090700
2460573.5 1363.030200
2460574.5 1362.901800
2460575.5 1362.931200
2460576.5 1363.096500
2460577.5 1363.220900
2460578.5 1363.564000
2460579.5 1363.675000
2460580.5 1363.766400
2460581.5 1363.832000
2460582.5 1363.655900
2460583.5 1363.543100
2460584.5 1363.259500
2460585.5 1363.075800
2460586.5 1362.578000
2460587.5 1362.189500
2460588.5 1361.751900
2460589.5 1361.912500
2460590.5 1362.123400
2460591.5 1362.199300
2460592.5 1362.087200
2460593.5 1361.926100
2460594.5 1361.908400
2460595.5 1362.004900
2460596.5 1362.023200
2460597.5 NaN
2460598.5 1362.748500
2460599.5 1362.874100
2460600.5 1362.908200
2460601.5 1362.802100
2460602.5 1362.883100
2460603.5 1363.026100
2460604.5 1363.348600
2460605.5 1363.506700
2460606.5 1363.638700
2460607.5 1363.584300
2460608.5 1363.497400
2460609.5 1363.284500
2460610.5 1362.856500
